id,instrumento_id,tipo,titulo,descricao,url,origem,arquivo_local,tamanho_bytes,mime_type,categoria,nivel,duracao_segundos,tags,visualizacoes,ordem_exibicao,ativo,created_at
000700fe-b3c9-423c-b092-229b1d468ada,35da6877-2528-4f37-9ab4-b44893ad1dbf,video,Técnica de Vibrato (rep),Demonstração da técnica de vibrato no violino,https://youtube.com/watch?v=violin_vibrato,youtube,,,,tutorial,avancado,,[],0,5,true,2026-02-13 18:01:39.533249
0016791c-c3cf-414d-aecd-50c0a3d37e90,34f9e29b-3d22-464a-b31c-c3f4fbb73328,3d,Modelo 3D Violino,Modelo tridimensional interativo do violino,models/violino_3d.glb,upload,,,,,iniciante,,[],0,10,true,2026-02-13 18:01:39.533249
001f5204-5baa-403b-8bfa-196b7080de08,2abbd218-b737-410e-934b-f9c8f3d2b806,imagem,Violino Stradivarius,Violino clássico de luthier famoso mostrando detalhes da madeira,img/violino/stradivarius.jpg,upload,,,,,iniciante,,[],0,1,true,2026-02-13 18:01:39.533249
002f502f-3ff8-47d7-b977-325a6aab1a70,794f42a6-619a-4ca3-8f1b-c3ac7a9e7a08,video,História da flauta,Documentário.,https://www.youtube.com/watch?v=flauta9,youtube,,,,historia,iniciante,420,"[""historia"",""flauta""]",0,0,true,2025-06-15 19:42:58.828009
0042ac0a-d642-482b-814e-1916e47de0b9,9a5e0eac-114e-4173-90af-32b55c870675,video,Primeiros Passos no Violino,Aula básica de como segurar o violino e o arco,https://youtube.com/watch?v=violin_basics,youtube,,,,tutorial,iniciante,,[],0,4,true,2026-02-13 18:01:39.533249
0043125d-0592-4c94-8b08-b5fe0ef309bc,1f8c0a22-f3fc-4f51-8938-6e1cc6e24f85,video,Violino no Jazz,Improvisação jazzística no violino,https://youtube.com/watch?v=jazz_violin,youtube,,,,performance,avancado,,[],0,7,false,2026-02-13 18:01:39.533249
004b48af-3344-4e52-aeed-027e4cb8d5fc,ac116dcb-4fd4-4ef6-b6fb-f4ff1287bf68,video,Violino no Jazz (rep),Improvisação jazzística no violino,https://youtube.com/watch?v=jazz_violin,youtube,,,,performance,avancado,,[],0,7,false,2026-02-13 18:01:39.533249
0050d7f9-1b99-4afe-9df5-d77219b374a6,174f6ed4-3c21-444a-acfa-5149f53f2ca0,video,Primeiros Passos no Violino,Aula básica de como segurar o violino e o arco,https://youtube.com/watch?v=violin_basics,youtube,,,,tutorial,iniciante,,[],0,4,false,2026-02-13 18:01:39.533249
00969664-04fa-4081-871e-c26132d7a537,df49fd27-9bcd-4462-a0f8-b36f0ff9f97f,video,Técnicas de Solo,"Demonstração de bend, slide e hammer-on",https://youtube.com/watch?v=guitar_solo_techniques,youtube,,,,tutorial,avancado,,[],0,5,true,2025-06-09 04:27:22.284765
00b1d057-2928-4047-9de3-6374a877fd37,bee0f63a-e248-4f2c-9325-0a23cb3c5a8e,imagem,Anatomia do Violino,Diagrama educativo das partes do violino,img/violino/anatomia.jpg,upload,,,,,iniciante,,[],0,2,false,2026-02-13 18:01:39.533249
00bc88a0-a8d5-4d42-b2d3-147647e22c2a,63ebeaeb-be5d-4c26-a5cf-f59b71423401,imagem,Postura do Violinista,Demonstração da postura correta para tocar violino,img/violino/postura.jpg,upload,,,,,iniciante,,[],0,3,true,2026-02-13 17:57:36.711969
010c968a-01be-411c-a038-70e5e0a34667,6b11dc1a-295f-4458-9c08-2bcec09ff3ec,imagem,Postura do Violinista,Demonstração da postura correta para tocar violino,img/violino/postura.jpg,upload,,,,,iniciante,,[],0,3,true,2026-02-13 17:57:36.711969
01103cd1-2e74-4483-b246-cdad2eb0900f,35aff373-706c-47d8-8004-d8edcddb1e0c,imagem,Captadores,Detalhe dos captadores.,/midias/baixo/captadores.jpg,upload,,,,tecnica,iniciante,,"[""captadores"",""baixo""]",0,0,true,2025-06-16 04:38:10.049188
013ac930-35fe-4d64-9fbb-f5abab9bbe5f,3957c464-86dc-4aa2-9f09-57b5eb2a6c6a,video,Violino no Jazz (rep),Improvisação jazzística no violino,https://youtube.com/watch?v=jazz_violin,youtube,,,,performance,avancado,,[],0,7,true,2026-02-13 18:01:39.533249
016ca67e-e64e-4b9c-9d1b-c3b3b39325d5,ac116dcb-4fd4-4ef6-b6fb-f4ff1287bf68,3d,Modelo 3D Violino,Modelo tridimensional interativo do violino,models/violino_3d.glb,upload,,,,,iniciante,,[],0,10,true,2026-02-13 17:57:36.711969
0177fa0b-5e91-4ea6-b31a-0c2cca289457,3e02292d-bd2f-46ed-9b9e-a0c8b0acd996,imagem,Violino Stradivarius,Violino clássico de luthier famoso mostrando detalhes da madeira,img/violino/stradivarius.jpg,upload,,,,,iniciante,,[],0,1,true,2026-02-13 18:01:39.533249
017e9d80-7db4-408f-93ef-2c62bca61612,df42056c-8a3e-454c-aeca-73b4d608b85c,video,Violino no Jazz,Improvisação jazzística no violino,https://youtube.com/watch?v=jazz_violin,youtube,,,,performance,avancado,,[],0,7,true,2026-02-13 18:01:39.533249
018fc9d8-0780-4cd0-af12-c9f6ae580efa,761a3318-9a5e-46f3-88f2-62159b96100c,video,Ave Maria - Schubert,Performance clássica da famosa peça,https://youtube.com/watch?v=ave_maria_violin,youtube,,,,performance,intermediario,,[],0,6,true,2026-02-13 18:01:39.533249
01b43209-549c-478d-b07c-a61d139e7204,86f83611-c0db-470c-87e7-31ee81b1a009,video,Violino no Jazz,Improvisação jazzística no violino,https://youtube.com/watch?v=jazz_violin,youtube,,,,performance,avancado,,[],0,7,true,2026-02-13 17:57:36.711969
01cef6ef-7ea0-40d8-903b-bb537f5ff5a7,9edff4db-9ef5-43fc-970a-7d2086de223b,imagem,Postura do Violinista,Demonstração da postura correta para tocar violino,img/violino/postura.jpg,upload,,,,,iniciante,,[],0,3,false,2026-02-13 18:01:39.533249
01dddcc7-4542-4bb4-bbf8-c4c035fd5df8,850c53c4-2ed6-4a12-a4ff-3fbaecd6bf73,video,Improviso contemporâneo,Improviso livre.,https://www.youtube.com/watch?v=trombone8,youtube,,,,performance,avancado,300,"[""improviso"",""trombone""]",0,0,true,2025-06-20 13:43:29.669569
01e1fa3d-9669-4dec-92f6-88c383c52e79,8ddb4eea-18b9-4b8f-bb85-16a1f5474f87,imagem,Violino Stradivarius,Violino clássico de luthier famoso mostrando detalhes da madeira,img/violino/stradivarius.jpg,upload,,,,,iniciante,,[],0,1,true,2026-02-13 17:57:36.711969
01f33ebf-8910-4e32-8107-a07949c517f6,bee0f63a-e248-4f2c-9325-0a23cb3c5a8e,imagem,Anatomia do Violino (rep),Diagrama educativo das partes do violino,img/violino/anatomia.jpg,upload,,,,,iniciante,,[],0,2,true,2026-02-13 18:01:39.533249
01fb6a2f-cefa-4d46-9952-e57d2d32b0a2,174f6ed4-3c21-444a-acfa-5149f53f2ca0,imagem,Postura do Violinista,Demonstração da postura correta para tocar violino,img/violino/postura.jpg,upload,,,,,iniciante,,[],0,3,true,2026-02-13 18:01:39.533249
0204bf32-fb49-4920-a386-eef294ba9715,df168c2e-275a-44ed-9ee7-af356bf724e5,audio,Concerto Tchaikovsky,Primeiro movimento do famoso concerto,audio/violino/tchaikovsky_concerto.mp3,upload,,,,,avancado,,[],0,8,true,2026-02-13 17:57:36.711969
020be19f-36f6-484b-aa39-57745af9afc9,64b94e98-6ad2-4e7f-9aa0-b57f6bb58df1,imagem,Violino Stradivarius,Violino clássico de luthier famoso mostrando detalhes da madeira,img/violino/stradivarius.jpg,upload,,,,,iniciante,,[],0,1,true,2026-02-13 17:57:36.711969
022004a7-e435-4e27-a29d-307c28a1af54,7b6ae164-dfdf-452d-a5c3-d01554861444,video,Ave Maria - Schubert (rep),Performance clássica da famosa peça,https://youtube.com/watch?v=ave_maria_violin,youtube,,,,performance,intermediario,,[],0,6,false,2026-02-13 18:01:39.533249
0229e7b0-8e0c-47ad-93e5-b635e8921ba1,3e02292d-bd2f-46ed-9b9e-a0c8b0acd996,audio,Capricho Paganini,Capricho nº 24 de Paganini,audio/violino/paganini_caprice.mp3,upload,,,,,avancado,,[],0,9,true,2026-02-13 18:01:39.533249
0259b3bd-60ce-4bcb-ad08-7dccb5c70914,2abbd218-b737-410e-934b-f9c8f3d2b806,audio,Concerto Tchaikovsky,Primeiro movimento do famoso concerto,audio/violino/tchaikovsky_concerto.mp3,upload,,,,,avancado,,[],0,8,true,2026-02-13 18:01:39.533249
027b939b-deee-4ac6-997b-1659cd68da80,b7425269-f2bb-454c-8c61-e3e9d028c9b4,video,Violino no Jazz,Improvisação jazzística no violino,https://youtube.com/watch?v=jazz_violin,youtube,,,,performance,avancado,,[],0,7,true,2026-02-13 18:01:39.533249
027e6872-9836-4a28-b2a7-86a1a02c4ca0,e48ad87b-d237-45e4-a707-05374c4240fa,video,Primeiros Passos no Violino,Aula básica de como segurar o violino e o arco,https://youtube.com/watch?v=violin_basics,youtube,,,,tutorial,iniciante,,[],0,4,true,2026-02-13 18:01:39.533249
028873c2-8ad2-425a-a50d-017fe322ae06,2abbd218-b737-410e-934b-f9c8f3d2b806,imagem,Postura do Violinista,Demonstração da postura correta para tocar violino,img/violino/postura.jpg,upload,,,,,iniciante,,[],0,3,true,2026-02-13 17:57:36.711969
0289ed3e-9520-47a5-bc26-cc533b594b71,26cadf44-6d7b-4f9b-85d6-6b2c40715f45,video,Staccato,Notas destacadas.,https://www.youtube.com/watch?v=saxofone4,youtube,,,,tecnica,iniciante,180,"[""staccato"",""saxofone""]",0,0,false,2025-06-16 00:57:47.581967
02cd389e-e3b9-4d61-8ec0-c5b5246c6cd0,fb125188-c48e-4d89-a46e-11c3b600dabd,video,Primeiros Passos no Violino,Aula básica de como segurar o violino e o arco,https://youtube.com/watch?v=violin_basics,youtube,,,,tutorial,iniciante,,[],0,4,true,2026-02-13 18:01:39.533249
02d1a050-f61e-43f0-aefa-26a34f63d358,4c61dc18-2b1e-48c8-8a2e-2c730679d4a5,3d,Modelo 3D Violino,Modelo tridimensional interativo do violino,models/violino_3d.glb,upload,,,,,iniciante,,[],0,10,true,2026-02-13 18:01:39.533249
031cee6f-16b7-44df-bc4a-76b1e22c8fae,850c53c4-2ed6-4a12-a4ff-3fbaecd6bf73,video,Orquestra sinfônica,Trombone na orquestra.,https://www.youtube.com/watch?v=trombone5,youtube,,,,performance,intermediario,600,"[""orquestra"",""trombone""]",0,0,true,2025-06-20 13:43:29.669569
03212bf5-cbfa-4d47-ac8b-b16ff868fe84,bee0f63a-e248-4f2c-9325-0a23cb3c5a8e,video,Técnica de Vibrato,Demonstração da técnica de vibrato no violino,https://youtube.com/watch?v=violin_vibrato,youtube,,,,tutorial,avancado,,[],0,5,true,2026-02-13 17:57:36.711969
0338e476-9ff8-452a-a3ab-89fce9511e43,f8653cdb-e2e7-479a-bfff-c8643859b866,video,Técnica de Vibrato,Demonstração da técnica de vibrato no violino,https://youtube.com/watch?v=violin_vibrato,youtube,,,,tutorial,avancado,,[],0,5,true,2026-02-13 18:01:39.533249
033d82fa-e706-4bbc-bff3-be5ab2b88339,7b6ae164-dfdf-452d-a5c3-d01554861444,audio,Concerto Tchaikovsky,Primeiro movimento do famoso concerto,audio/violino/tchaikovsky_concerto.mp3,upload,,,,,avancado,,[],0,8,true,2026-02-13 17:57:36.711969
03401450-e448-48d3-bf12-181a430e7562,9c3a903d-8750-4ded-9341-c876a6d6de93,video,Violino no Jazz,Improvisação jazzística no violino,https://youtube.com/watch?v=jazz_violin,youtube,,,,performance,avancado,,[],0,7,true,2026-02-13 18:01:39.533249
03410293-ba1b-4544-b88d-258be23eb3a7,35da6877-2528-4f37-9ab4-b44893ad1dbf,imagem,Anatomia do Violino,Diagrama educativo das partes do violino,img/violino/anatomia.jpg,upload,,,,,iniciante,,[],0,2,false,2026-02-13 18:01:39.533249
03533b26-b6ca-4070-b8fd-20fcd7d16392,761a3318-9a5e-46f3-88f2-62159b96100c,imagem,Anatomia do Violino,Diagrama educativo das partes do violino,img/violino/anatomia.jpg,upload,,,,,iniciante,,[],0,2,true,2026-02-13 18:01:39.533249
038ef02b-2ef2-46ae-af73-1b27b1fe0b9b,750450cf-e14e-4f02-944e-b3c1bb0f87a4,audio,Capricho Paganini (rep),Capricho nº 24 de Paganini,audio/violino/paganini_caprice.mp3,upload,,,,,avancado,,[],0,9,true,2026-02-13 18:01:39.533249
03a990bc-a995-4975-8d2e-849a0bb38723,64b94e98-6ad2-4e7f-9aa0-b57f6bb58df1,3d,Modelo 3D Violino (rep),Modelo tridimensional interativo do violino,models/violino_3d.glb,upload,,,,,iniciante,,[],0,10,true,2026-02-13 18:01:39.533249
03afb762-e325-43a1-a7d8-04c39431cc89,ab9720a5-1973-484e-9a44-d4aa62594336,audio,Exercícios de Hanon,Exercícios técnicos para desenvolvimento digital,/audio/piano/hanon_exercicios.mp3,upload,,,,tecnica,intermediario,180,"[""hanon"",""tecnica"",""exercicios""]",0,0,true,2025-06-08 18:57:54.942465
03c0e34b-ddf2-48e8-8854-2644fb4b2e07,6925f61b-ba48-473a-b69a-e3548036c1df,video,Ave Maria - Schubert,Performance clássica da famosa peça,https://youtube.com/watch?v=ave_maria_violin,youtube,,,,performance,intermediario,,[],0,6,true,2026-02-13 17:57:36.711969
03c8d134-37eb-46cf-82fe-1e29c6f759cc,34f9e29b-3d22-464a-b31c-c3f4fbb73328,imagem,Violino Stradivarius,Violino clássico de luthier famoso mostrando detalhes da madeira,img/violino/stradivarius.jpg,upload,,,,,iniciante,,[],0,1,true,2026-02-13 18:01:39.533249
03c97b67-843d-49db-9101-257973415d45,3702e3f9-bc82-42b6-ae32-c770081b3ec2,video,Técnica de Vibrato,Demonstração da técnica de vibrato no violino,https://youtube.com/watch?v=violin_vibrato,youtube,,,,tutorial,avancado,,[],0,5,true,2026-02-13 18:01:39.533249
03cd490d-a0ee-44ef-b8ad-55cbb3dde6ea,64b94e98-6ad2-4e7f-9aa0-b57f6bb58df1,video,Técnica de Vibrato (rep),Demonstração da técnica de vibrato no violino,https://youtube.com/watch?v=violin_vibrato,youtube,,,,tutorial,avancado,,[],0,5,true,2026-02-13 18:01:39.533249
03d9a6a9-c0f1-4ca1-9619-c9aed857607f,ab9720a5-1973-484e-9a44-d4aa62594336,imagem,Anatomia Interna do Piano,"Corte transversal mostrando martelos, cordas e mecanismo",/images/piano/anatomia_piano.jpg,upload,,,,tecnica,intermediario,,"[""anatomia"",""mecanismo"",""educativo""]",0,0,true,2025-06-08 15:24:29.575428
03fd2f63-8cdf-4f1d-bdf5-cd4d0fa2a556,f8653cdb-e2e7-479a-bfff-c8643859b866,audio,Concerto Tchaikovsky,Primeiro movimento do famoso concerto,audio/violino/tchaikovsky_concerto.mp3,upload,,,,,avancado,,[],0,8,true,2026-02-13 18:01:39.533249
03ffa0bd-c7b2-4249-ad3c-37b171f26c26,82052c70-0a9d-4d94-873e-3b402e032f55,video,Violino no Jazz,Improvisação jazzística no violino,https://youtube.com/watch?v=jazz_violin,youtube,,,,performance,avancado,,[],0,7,true,2026-02-13 17:57:36.711969
040631b3-4371-4189-8248-2c34b062fec6,fb125188-c48e-4d89-a46e-11c3b600dabd,video,Técnica de Vibrato,Demonstração da técnica de vibrato no violino,https://youtube.com/watch?v=violin_vibrato,youtube,,,,tutorial,avancado,,[],0,5,true,2026-02-13 18:01:39.533249
04106035-cc9a-4551-863d-94f616fdd04d,57d10b2f-c49f-460d-8fab-3da3065c15c2,3d,Modelo 3D Violino,Modelo tridimensional interativo do violino,models/violino_3d.glb,upload,,,,,iniciante,,[],0,10,true,2026-02-13 17:57:36.711969
044d0385-a307-4716-8716-5e1094a41c87,96b547b5-e685-40f8-952c-9dfce2ad4dc6,audio,Concerto Tchaikovsky,Primeiro movimento do famoso concerto,audio/violino/tchaikovsky_concerto.mp3,upload,,,,,avancado,,[],0,8,false,2026-02-13 18:01:39.533249
0486e8a9-09a9-41ec-a90c-79307ad78307,3e02292d-bd2f-46ed-9b9e-a0c8b0acd996,video,Ave Maria - Schubert (rep),Performance clássica da famosa peça,https://youtube.com/watch?v=ave_maria_violin,youtube,,,,performance,intermediario,,[],0,6,true,2026-02-13 18:01:39.533249
048a5ac5-c093-4d15-92b8-750b05b12235,26cadf44-6d7b-4f9b-85d6-6b2c40715f45,video,Sax em banda,Performance em banda.,https://www.youtube.com/watch?v=saxofone7,youtube,,,,performance,avancado,600,"[""banda"",""saxofone""]",0,0,false,2025-06-16 00:57:47.581967
04c26712-a381-4d11-85c0-24932c8dc349,bee0f63a-e248-4f2c-9325-0a23cb3c5a8e,imagem,Anatomia do Violino,Diagrama educativo das partes do violino,img/violino/anatomia.jpg,upload,,,,,iniciante,,[],0,2,true,2026-02-13 17:57:36.711969
04d1c79c-aef1-4cab-a4e8-395ec972c78e,4d78c5a4-04bf-452d-b326-83e7c72c10ef,imagem,Anatomia do Violino,Diagrama educativo das partes do violino,img/violino/anatomia.jpg,upload,,,,,iniciante,,[],0,2,true,2026-02-13 17:57:36.711969
04e3a995-2718-45ac-b59b-811800a4432e,c75fe646-ff86-4420-98f0-a0f25d39de45,audio,Capricho Paganini,Capricho nº 24 de Paganini,audio/violino/paganini_caprice.mp3,upload,,,,,avancado,,[],0,9,true,2026-02-13 18:01:39.533249
04f5db2b-e445-497b-b8f5-420fffcac38c,174f6ed4-3c21-444a-acfa-5149f53f2ca0,video,Violino no Jazz (rep),Improvisação jazzística no violino,https://youtube.com/watch?v=jazz_violin,youtube,,,,performance,avancado,,[],0,7,true,2026-02-13 18:01:39.533249
050471f0-a555-45a2-95d0-cd60dd9677e9,13912e91-7b48-4a8d-82b7-b59515c2a0d3,video,Violino no Jazz (rep),Improvisação jazzística no violino,https://youtube.com/watch?v=jazz_violin,youtube,,,,performance,avancado,,[],0,7,false,2026-02-13 18:01:39.533249
0518c0a6-30b3-4676-af3d-74ac7e5b3603,96b547b5-e685-40f8-952c-9dfce2ad4dc6,video,Primeiros Passos no Violino,Aula básica de como segurar o violino e o arco,https://youtube.com/watch?v=violin_basics,youtube,,,,tutorial,iniciante,,[],0,4,true,2026-02-13 18:01:39.533249
0524dc16-cb94-4d21-87b8-f19c9c9c078c,63ebeaeb-be5d-4c26-a5cf-f59b71423401,imagem,Anatomia do Violino,Diagrama educativo das partes do violino,img/violino/anatomia.jpg,upload,,,,,iniciante,,[],0,2,true,2026-02-13 18:01:39.533249
052e28c1-7df1-49a8-b990-76efe88b18c2,4c61dc18-2b1e-48c8-8a2e-2c730679d4a5,audio,Concerto Tchaikovsky,Primeiro movimento do famoso concerto,audio/violino/tchaikovsky_concerto.mp3,upload,,,,,avancado,,[],0,8,true,2026-02-13 17:57:36.711969
0530eaff-91b8-4c02-875b-911fe55cef2b,63ebeaeb-be5d-4c26-a5cf-f59b71423401,imagem,Anatomia do Violino,Diagrama educativo das partes do violino,img/violino/anatomia.jpg,upload,,,,,iniciante,,[],0,2,true,2026-02-13 17:57:36.711969
05533abe-3295-4ab0-8281-53059b03b012,87ee66bf-bb70-4e70-9aa3-4bff514ced4e,video,Técnica de Vibrato,Demonstração da técnica de vibrato no violino,https://youtube.com/watch?v=violin_vibrato,youtube,,,,tutorial,avancado,,[],0,5,true,2026-02-13 18:01:39.533249
055cf67f-369e-4ee3-b7f1-444bd1b8b4ed,3702e3f9-bc82-42b6-ae32-c770081b3ec2,audio,Capricho Paganini (rep),Capricho nº 24 de Paganini,audio/violino/paganini_caprice.mp3,upload,,,,,avancado,,[],0,9,true,2026-02-13 18:01:39.533249
05c438c9-d1ea-4ddf-a247-40f95e2aef9f,36b9d36d-f65b-4ba1-89be-4ab3707e874c,video,Articulação,Articulação no fagote.,https://www.youtube.com/watch?v=fagote3,youtube,,,,tecnica,iniciante,180,"[""articulacao"",""fagote""]",0,0,true,2025-06-20 02:48:24.932103
05d97d1d-aee1-40a6-837b-af8d524c503a,761a3318-9a5e-46f3-88f2-62159b96100c,3d,Modelo 3D Violino (rep),Modelo tridimensional interativo do violino,models/violino_3d.glb,upload,,,,,iniciante,,[],0,10,true,2026-02-13 18:01:39.533249
062c4c73-fa53-40c8-942f-621077fcfdcf,56e32061-7ed6-495d-9bc1-00cdb345b02e,video,Técnica de Vibrato,Demonstração da técnica de vibrato no violino,https://youtube.com/watch?v=violin_vibrato,youtube,,,,tutorial,avancado,,[],0,5,true,2026-02-13 18:01:39.533249
062e592e-3eeb-455e-a311-da6a7500de38,412c40b6-f4fc-4379-9d6f-5ce0ec2d669d,video,Como segurar o arco,Tutorial de empunhadura do arco.,https://www.youtube.com/watch?v=violoncelo1,youtube,,,,tecnica,iniciante,300,"[""arco"",""violoncelo""]",0,0,true,2025-06-15 19:35:06.847648
063e314c-e6fa-4608-becc-e956a5c38409,4c61dc18-2b1e-48c8-8a2e-2c730679d4a5,imagem,Anatomia do Violino,Diagrama educativo das partes do violino,img/violino/anatomia.jpg,upload,,,,,iniciante,,[],0,2,true,2026-02-13 18:01:39.533249
065c691d-9c74-42b6-bd01-3757432f5572,453ca164-6f0e-4554-b008-dd68bf4586c2,3d,Modelo 3D Violino,Modelo tridimensional interativo do violino,models/violino_3d.glb,upload,,,,,iniciante,,[],0,10,false,2026-02-13 18:01:39.533249
0696b97d-ecfc-44c7-8b99-62470a1df9ef,8fbba87d-39e1-4542-b8bb-7c815fdc2b9a,imagem,Anatomia do Violino,Diagrama educativo das partes do violino,img/violino/anatomia.jpg,upload,,,,,iniciante,,[],0,2,false,2026-02-13 18:01:39.533249
069f1bce-8d14-4895-bae8-c3aff548e785,0b9c8c6b-0e47-471c-b83b-01c931410692,video,Técnica de Vibrato,Demonstração da técnica de vibrato no violino,https://youtube.com/watch?v=violin_vibrato,youtube,,,,tutorial,avancado,,[],0,5,false,2026-02-13 18:01:39.533249
06c9b46c-9757-4ab3-bcc8-93ce4c5fcff2,35aff373-706c-47d8-8004-d8edcddb1e0c,imagem,Baixo solo,Baixista em apresentação solo.,/midias/baixo/solo.jpg,upload,,,,performance,avancado,,"[""solo"",""baixo""]",0,0,true,2025-06-16 04:38:10.049188
06ec70f4-5286-4113-ba96-0f190a9704b2,ab9720a5-1973-484e-9a44-d4aa62594336,imagem,Piano de Cauda Steinway,Piano de concerto Steinway & Sons modelo D,/images/piano/steinway_cauda.jpg,upload,,,,demonstracao,iniciante,,"[""steinway"",""cauda"",""concerto""]",0,0,true,2025-06-08 18:57:54.942465
070542bd-4c52-4565-83e7-e186dd9d8fdc,63ebeaeb-be5d-4c26-a5cf-f59b71423401,video,Técnica de Vibrato,Demonstração da técnica de vibrato no violino,https://youtube.com/watch?v=violin_vibrato,youtube,,,,tutorial,avancado,,[],0,5,true,2026-02-13 18:01:39.533249
072ab02d-5c26-4afb-99d0-ee548665395d,6b11dc1a-295f-4458-9c08-2bcec09ff3ec,video,Técnica de Vibrato,Demonstração da técnica de vibrato no violino,https://youtube.com/watch?v=violin_vibrato,youtube,,,,tutorial,avancado,,[],0,5,true,2026-02-13 18:01:39.533249
0744e3f5-0645-42aa-ac5e-001cf2ae967f,174f6ed4-3c21-444a-acfa-5149f53f2ca0,audio,Concerto Tchaikovsky (rep),Primeiro movimento do famoso concerto,audio/violino/tchaikovsky_concerto.mp3,upload,,,,,avancado,,[],0,8,true,2026-02-13 18:01:39.533249
077b7881-04d1-4443-8943-79838e543f73,4445b5c9-dcdf-4dd3-8ce6-bb04a22127ce,video,Violino no Jazz,Improvisação jazzística no violino,https://youtube.com/watch?v=jazz_violin,youtube,,,,performance,avancado,,[],0,7,true,2026-02-13 17:57:36.711969
07be2dae-25ec-4e36-b0f2-083448618174,8bd473f1-7b35-4b9e-869a-17fb73c6e047,imagem,Teclado em banda,Teclado usado em banda.,/midias/teclado/banda.jpg,upload,,,,performance,intermediario,,"[""banda"",""teclado""]",0,0,true,2025-06-15 20:36:24.121938
07dfb644-a304-425f-a74c-6153dd839d0e,fb125188-c48e-4d89-a46e-11c3b600dabd,video,Violino no Jazz,Improvisação jazzística no violino,https://youtube.com/watch?v=jazz_violin,youtube,,,,performance,avancado,,[],0,7,true,2026-02-13 18:01:39.533249
07e40cb5-c676-4108-ab26-62317a049e6a,34f9e29b-3d22-464a-b31c-c3f4fbb73328,imagem,Violino Stradivarius (rep),Violino clássico de luthier famoso mostrando detalhes da madeira,img/violino/stradivarius.jpg,upload,,,,,iniciante,,[],0,1,false,2026-02-13 18:01:39.533249
07e42b56-3aed-4ca9-b2cd-66a0b8190536,9a5e0eac-114e-4173-90af-32b55c870675,3d,Modelo 3D Violino,Modelo tridimensional interativo do violino,models/violino_3d.glb,upload,,,,,iniciante,,[],0,10,true,2026-02-13 17:57:36.711969
0810b40c-b0d7-45d8-ad17-62bd3e61a2b3,35da6877-2528-4f37-9ab4-b44893ad1dbf,imagem,Anatomia do Violino,Diagrama educativo das partes do violino,img/violino/anatomia.jpg,upload,,,,,iniciante,,[],0,2,true,2026-02-13 18:01:39.533249
082c84ef-a11d-46d2-9818-fdf99d867c4f,35da6877-2528-4f37-9ab4-b44893ad1dbf,audio,Capricho Paganini,Capricho nº 24 de Paganini,audio/violino/paganini_caprice.mp3,upload,,,,,avancado,,[],0,9,true,2026-02-13 18:01:39.533249
0875778c-bd5d-42fb-9365-a4503aedf8f8,761a3318-9a5e-46f3-88f2-62159b96100c,video,Primeiros Passos no Violino,Aula básica de como segurar o violino e o arco,https://youtube.com/watch?v=violin_basics,youtube,,,,tutorial,iniciante,,[],0,4,true,2026-02-13 18:01:39.533249
087fea70-9916-4370-a5df-0d6eb8aea9ab,3e02292d-bd2f-46ed-9b9e-a0c8b0acd996,audio,Capricho Paganini,Capricho nº 24 de Paganini,audio/violino/paganini_caprice.mp3,upload,,,,,avancado,,[],0,9,false,2026-02-13 18:01:39.533249
0889e468-54c9-40a7-b4be-8b3b4279362b,3702e3f9-bc82-42b6-ae32-c770081b3ec2,video,Violino no Jazz,Improvisação jazzística no violino,https://youtube.com/watch?v=jazz_violin,youtube,,,,performance,avancado,,[],0,7,true,2026-02-13 17:57:36.711969
08c8ab99-bdf1-4c2f-b1e4-9a7bd126c728,ab9720a5-1973-484e-9a44-d4aa62594336,video,Chopin - Noturno Op. 9 No. 2,Performance da famosa peça de Chopin,https://youtube.com/watch?v=chopin_noturno,youtube,,,,performance,avancado,300,"[""chopin"",""noturno"",""romantico""]",0,0,true,2025-06-08 15:24:29.575428
08d625f5-c266-410a-8c3c-83ec2115d10f,87ee66bf-bb70-4e70-9aa3-4bff514ced4e,3d,Modelo 3D Violino,Modelo tridimensional interativo do violino,models/violino_3d.glb,upload,,,,,iniciante,,[],0,10,true,2026-02-13 18:01:39.533249
08e87fb7-41a3-4ed0-ab81-aa57dc8720f5,11a7bc0c-232f-40dc-92ac-4d15aebd2d52,video,Primeiros Passos no Violino,Aula básica de como segurar o violino e o arco,https://youtube.com/watch?v=violin_basics,youtube,,,,tutorial,iniciante,,[],0,4,true,2026-02-13 18:01:39.533249
092179a7-c832-4e83-b636-159b828157da,9c3a903d-8750-4ded-9341-c876a6d6de93,3d,Modelo 3D Violino,Modelo tridimensional interativo do violino,models/violino_3d.glb,upload,,,,,iniciante,,[],0,10,true,2026-02-13 18:01:39.533249
092d3640-d721-4803-92d2-ac22e82912ae,63ebeaeb-be5d-4c26-a5cf-f59b71423401,3d,Modelo 3D Violino,Modelo tridimensional interativo do violino,models/violino_3d.glb,upload,,,,,iniciante,,[],0,10,true,2026-02-13 18:01:39.533249
093f6897-bd91-418e-a167-512f2b00b7d2,32705505-7727-4d27-b7bd-b08e7c90c233,video,Primeiros Passos no Violino,Aula básica de como segurar o violino e o arco,https://youtube.com/watch?v=violin_basics,youtube,,,,tutorial,iniciante,,[],0,4,true,2026-02-13 18:01:39.533249
094ee342-04e3-486f-be6e-850924bcfb90,ac116dcb-4fd4-4ef6-b6fb-f4ff1287bf68,3d,Modelo 3D Violino (rep),Modelo tridimensional interativo do violino,models/violino_3d.glb,upload,,,,,iniciante,,[],0,10,false,2026-02-13 18:01:39.533249
0951537f-ba9b-4d8e-a3d3-b51c0b70032e,d7c80fe1-ab43-4920-b2aa-d9b4f3ace166,video,Como gerar som no clarinete,Tutorial básico,https://www.youtube.com/watch?v=clarinete1,youtube,,,,tecnica,iniciante,300,"[""tutorial"",""clarinete""]",0,0,true,2025-06-15 19:19:49.258132
0966483f-9ff1-464c-8601-1f3ce13bcea9,df168c2e-275a-44ed-9ee7-af356bf724e5,imagem,Postura do Violinista (rep),Demonstração da postura correta para tocar violino,img/violino/postura.jpg,upload,,,,,iniciante,,[],0,3,false,2026-02-13 18:01:39.533249
0968beb7-16b3-4e43-bccf-56a58be4c174,8bd473f1-7b35-4b9e-869a-17fb73c6e047,video,Arpejos,Execução de arpejos.,https://www.youtube.com/watch?v=teclado5,youtube,,,,tecnica,intermediario,180,"[""arpejo"",""teclado""]",0,0,true,2025-06-15 20:36:24.121938
097ca0ed-81da-4c71-819e-b747d2055d05,1f8c0a22-f3fc-4f51-8938-6e1cc6e24f85,imagem,Postura do Violinista,Demonstração da postura correta para tocar violino,img/violino/postura.jpg,upload,,,,,iniciante,,[],0,3,true,2026-02-13 18:01:39.533249
09809c6b-bc6f-40d8-96f2-448673011c31,c75fe646-ff86-4420-98f0-a0f25d39de45,video,Violino no Jazz (rep),Improvisação jazzística no violino,https://youtube.com/watch?v=jazz_violin,youtube,,,,performance,avancado,,[],0,7,false,2026-02-13 18:01:39.533249
09b29fd7-e200-42fb-8465-59e47fd9fd97,96b547b5-e685-40f8-952c-9dfce2ad4dc6,3d,Modelo 3D Violino,Modelo tridimensional interativo do violino,models/violino_3d.glb,upload,,,,,iniciante,,[],0,10,false,2026-02-13 18:01:39.533249
09ce2a69-e553-4eec-817a-f9d27266b066,cca87ab1-8ad4-4876-a8d8-190f85927952,imagem,Anatomia do Violino,Diagrama educativo das partes do violino,img/violino/anatomia.jpg,upload,,,,,iniciante,,[],0,2,true,2026-02-13 18:01:39.533249
09f95dc7-c6eb-4e2b-8342-56c68416b061,4bc1c064-fa97-43f5-b6d7-d466ca66635d,audio,Concerto Tchaikovsky,Primeiro movimento do famoso concerto,audio/violino/tchaikovsky_concerto.mp3,upload,,,,,avancado,,[],0,8,true,2026-02-13 18:01:39.533249
09fa3c43-76c2-4e81-be6e-a2e8fa672bad,df168c2e-275a-44ed-9ee7-af356bf724e5,3d,Modelo 3D Violino,Modelo tridimensional interativo do violino,models/violino_3d.glb,upload,,,,,iniciante,,[],0,10,true,2026-02-13 17:57:36.711969
0a4fb0e1-490d-45e7-858d-74b441534738,6b11dc1a-295f-4458-9c08-2bcec09ff3ec,3d,Modelo 3D Violino,Modelo tridimensional interativo do violino,models/violino_3d.glb,upload,,,,,iniciante,,[],0,10,true,2026-02-13 17:57:36.711969
0a663154-2c93-4c64-8166-71e6e5b7891d,509d6a26-159a-4976-aa46-83f914f930aa,video,Violino no Jazz (rep),Improvisação jazzística no violino,https://youtube.com/watch?v=jazz_violin,youtube,,,,performance,avancado,,[],0,7,true,2026-02-13 18:01:39.533249
0a71f2af-22cd-4d2b-8a1e-8536b1091910,26cadf44-6d7b-4f9b-85d6-6b2c40715f45,imagem,Sax lateral,Vista lateral.,/midias/saxofone/lateral.jpg,upload,,,,tecnica,iniciante,,"[""estrutura"",""saxofone""]",0,0,true,2025-06-16 00:56:26.375072
0a8dbe65-2e70-47e1-ba5e-6b7a960365a9,34f9e29b-3d22-464a-b31c-c3f4fbb73328,video,Técnica de Vibrato,Demonstração da técnica de vibrato no violino,https://youtube.com/watch?v=violin_vibrato,youtube,,,,tutorial,avancado,,[],0,5,true,2026-02-13 17:57:36.711969
0aa80881-c0b4-45df-8408-44be81a91b23,8fbba87d-39e1-4542-b8bb-7c815fdc2b9a,video,Ave Maria - Schubert,Performance clássica da famosa peça,https://youtube.com/watch?v=ave_maria_violin,youtube,,,,performance,intermediario,,[],0,6,true,2026-02-13 18:01:39.533249
0abfea49-99f7-4a28-8955-45c9aed8a881,df168c2e-275a-44ed-9ee7-af356bf724e5,3d,Modelo 3D Violino,Modelo tridimensional interativo do violino,models/violino_3d.glb,upload,,,,,iniciante,,[],0,10,false,2026-02-13 18:01:39.533249
0ac0a427-2302-44bf-afa8-587905a83d59,9edff4db-9ef5-43fc-970a-7d2086de223b,imagem,Anatomia do Violino,Diagrama educativo das partes do violino,img/violino/anatomia.jpg,upload,,,,,iniciante,,[],0,2,true,2026-02-13 17:57:36.711969
0ac30fb5-1d19-4558-afc4-c4aae8ad8c63,35da6877-2528-4f37-9ab4-b44893ad1dbf,imagem,Violino Stradivarius,Violino clássico de luthier famoso mostrando detalhes da madeira,img/violino/stradivarius.jpg,upload,,,,,iniciante,,[],0,1,true,2026-02-13 18:01:39.533249
0ad4d895-ab8b-43ae-939a-7937b48dd904,ac116dcb-4fd4-4ef6-b6fb-f4ff1287bf68,video,Técnica de Vibrato,Demonstração da técnica de vibrato no violino,https://youtube.com/watch?v=violin_vibrato,youtube,,,,tutorial,avancado,,[],0,5,true,2026-02-13 18:01:39.533249
0adb0472-8ca6-4b0b-bd34-19c8cfb362d4,86f83611-c0db-470c-87e7-31ee81b1a009,video,Primeiros Passos no Violino,Aula básica de como segurar o violino e o arco,https://youtube.com/watch?v=violin_basics,youtube,,,,tutorial,iniciante,,[],0,4,false,2026-02-13 18:01:39.533249
0afe56e6-2569-41e6-9c46-f7b6e1a56b15,82052c70-0a9d-4d94-873e-3b402e032f55,video,Técnica de Vibrato,Demonstração da técnica de vibrato no violino,https://youtube.com/watch?v=violin_vibrato,youtube,,,,tutorial,avancado,,[],0,5,true,2026-02-13 17:57:36.711969
0b1a2bef-fc8c-44aa-9f32-6115cc19dc85,df42056c-8a3e-454c-aeca-73b4d608b85c,imagem,Anatomia do Violino,Diagrama educativo das partes do violino,img/violino/anatomia.jpg,upload,,,,,iniciante,,[],0,2,true,2026-02-13 17:57:36.711969
0b1b5192-a00b-4419-81d5-974bf8743b32,57d10b2f-c49f-460d-8fab-3da3065c15c2,audio,Capricho Paganini,Capricho nº 24 de Paganini,audio/violino/paganini_caprice.mp3,upload,,,,,avancado,,[],0,9,true,2026-02-13 17:57:36.711969
0b40815a-856f-48de-bee7-840b4f53d599,36040329-1aa6-428a-ad39-cd85de03493e,video,Primeiros Passos no Violino,Aula básica de como segurar o violino e o arco,https://youtube.com/watch?v=violin_basics,youtube,,,,tutorial,iniciante,,[],0,4,true,2026-02-13 18:01:39.533249
0b60cee8-7ee0-4e71-aff8-7e5fb6625ac7,3702e3f9-bc82-42b6-ae32-c770081b3ec2,video,Primeiros Passos no Violino (rep),Aula básica de como segurar o violino e o arco,https://youtube.com/watch?v=violin_basics,youtube,,,,tutorial,iniciante,,[],0,4,true,2026-02-13 18:01:39.533249
0b67b2d8-f1a9-44ea-b2ad-cdeddb349f75,f8653cdb-e2e7-479a-bfff-c8643859b866,imagem,Anatomia do Violino,Diagrama educativo das partes do violino,img/violino/anatomia.jpg,upload,,,,,iniciante,,[],0,2,true,2026-02-13 17:57:36.711969
0b6a3252-d874-44d9-869d-b07fb5f021e5,174f6ed4-3c21-444a-acfa-5149f53f2ca0,video,Ave Maria - Schubert,Performance clássica da famosa peça,https://youtube.com/watch?v=ave_maria_violin,youtube,,,,performance,intermediario,,[],0,6,true,2026-02-13 17:57:36.711969
0b70555c-c8fd-4457-b4eb-44730d3997cb,e48ad87b-d237-45e4-a707-05374c4240fa,video,Ave Maria - Schubert (rep),Performance clássica da famosa peça,https://youtube.com/watch?v=ave_maria_violin,youtube,,,,performance,intermediario,,[],0,6,true,2026-02-13 18:01:39.533249
0b734a69-27d9-4659-a541-1c23f8139b77,4c61dc18-2b1e-48c8-8a2e-2c730679d4a5,video,Ave Maria - Schubert,Performance clássica da famosa peça,https://youtube.com/watch?v=ave_maria_violin,youtube,,,,performance,intermediario,,[],0,6,true,2026-02-13 17:57:36.711969
0b7498af-6e29-4a42-bd92-b3eb38344d35,2abbd218-b737-410e-934b-f9c8f3d2b806,3d,Modelo 3D Violino,Modelo tridimensional interativo do violino,models/violino_3d.glb,upload,,,,,iniciante,,[],0,10,false,2026-02-13 18:01:39.533249
0b8d8ecd-5296-4791-9479-3c10b89fb271,b7425269-f2bb-454c-8c61-e3e9d028c9b4,audio,Capricho Paganini,Capricho nº 24 de Paganini,audio/violino/paganini_caprice.mp3,upload,,,,,avancado,,[],0,9,false,2026-02-13 18:01:39.533249
0b9bc93d-604d-45bf-a3b8-4149be44be9f,4bc1c064-fa97-43f5-b6d7-d466ca66635d,imagem,Postura do Violinista,Demonstração da postura correta para tocar violino,img/violino/postura.jpg,upload,,,,,iniciante,,[],0,3,true,2026-02-13 18:01:39.533249
0ba05881-2f7a-473d-9fda-1191278698f6,d7c80fe1-ab43-4920-b2aa-d9b4f3ace166,video,Articulação com língua,Demonstração técnica,https://www.youtube.com/watch?v=clarinete7,youtube,,,,tecnica,iniciante,150,"[""articulacao"",""clarinete""]",0,0,true,2025-06-15 19:19:49.258132
0bec0f09-664b-44a7-9796-4f3735c298b1,13912e91-7b48-4a8d-82b7-b59515c2a0d3,imagem,Violino Stradivarius,Violino clássico de luthier famoso mostrando detalhes da madeira,img/violino/stradivarius.jpg,upload,,,,,iniciante,,[],0,1,true,2026-02-13 18:01:39.533249
0bf2c8ce-54f2-4605-a00d-6e4d3b341b14,761a3318-9a5e-46f3-88f2-62159b96100c,imagem,Postura do Violinista,Demonstração da postura correta para tocar violino,img/violino/postura.jpg,upload,,,,,iniciante,,[],0,3,true,2026-02-13 18:01:39.533249
0c100b91-eb03-4636-a43e-5017efd44a49,df168c2e-275a-44ed-9ee7-af356bf724e5,video,Primeiros Passos no Violino,Aula básica de como segurar o violino e o arco,https://youtube.com/watch?v=violin_basics,youtube,,,,tutorial,iniciante,,[],0,4,true,2026-02-13 18:01:39.533249
0c158f01-38cd-47ef-a9b9-ee34b4af0e40,fb125188-c48e-4d89-a46e-11c3b600dabd,video,Primeiros Passos no Violino,Aula básica de como segurar o violino e o arco,https://youtube.com/watch?v=violin_basics,youtube,,,,tutorial,iniciante,,[],0,4,true,2026-02-13 17:57:36.711969
0c5714cf-5cfa-44b0-84da-a4da03ca2d47,761a3318-9a5e-46f3-88f2-62159b96100c,imagem,Violino Stradivarius,Violino clássico de luthier famoso mostrando detalhes da madeira,img/violino/stradivarius.jpg,upload,,,,,iniciante,,[],0,1,true,2026-02-13 18:01:39.533249
0c5addad-265f-4acf-8b70-f36a46dbbeb1,3957c464-86dc-4aa2-9f09-57b5eb2a6c6a,video,Violino no Jazz,Improvisação jazzística no violino,https://youtube.com/watch?v=jazz_violin,youtube,,,,performance,avancado,,[],0,7,true,2026-02-13 18:01:39.533249
0c78bff0-424d-4277-8d6f-88f10ad4d106,e48ad87b-d237-45e4-a707-05374c4240fa,audio,Capricho Paganini,Capricho nº 24 de Paganini,audio/violino/paganini_caprice.mp3,upload,,,,,avancado,,[],0,9,true,2026-02-13 18:01:39.533249
0c97e309-2325-49f6-a1aa-2841e2a834ba,df42056c-8a3e-454c-aeca-73b4d608b85c,video,Ave Maria - Schubert (rep),Performance clássica da famosa peça,https://youtube.com/watch?v=ave_maria_violin,youtube,,,,performance,intermediario,,[],0,6,true,2026-02-13 18:01:39.533249
0cb95a2a-f935-4e7d-98d2-da859a94ab48,56f643e0-a3e2-4067-84ac-334c454426f8,3d,Modelo 3D Violino,Modelo tridimensional interativo do violino,models/violino_3d.glb,upload,,,,,iniciante,,[],0,10,true,2026-02-13 18:01:39.533249
0ccbb0e3-561b-44b0-9722-92c52e5512c7,ee709f67-e4e4-4f9c-9001-7574e4d8dfa0,imagem,Postura do Violinista (rep),Demonstração da postura correta para tocar violino,img/violino/postura.jpg,upload,,,,,iniciante,,[],0,3,true,2026-02-13 18:01:39.533249
0cdcd8b1-baa5-4662-a552-2e1d9d746df0,57d10b2f-c49f-460d-8fab-3da3065c15c2,imagem,Postura do Violinista,Demonstração da postura correta para tocar violino,img/violino/postura.jpg,upload,,,,,iniciante,,[],0,3,true,2026-02-13 17:57:36.711969
0cf091df-043b-4dea-b7f1-afaa23fc71b8,7b6ae164-dfdf-452d-a5c3-d01554861444,3d,Modelo 3D Violino,Modelo tridimensional interativo do violino,models/violino_3d.glb,upload,,,,,iniciante,,[],0,10,true,2026-02-13 17:57:36.711969
0cf12dcc-2716-4aa7-935c-e269c7b70ca3,df42056c-8a3e-454c-aeca-73b4d608b85c,video,Primeiros Passos no Violino,Aula básica de como segurar o violino e o arco,https://youtube.com/watch?v=violin_basics,youtube,,,,tutorial,iniciante,,[],0,4,true,2026-02-13 17:57:36.711969
0d11f8a6-b5fb-448b-b550-77eeb2ee53bf,0e52514e-58c3-463a-a6e4-f71a1439f9b7,video,Técnica de Vibrato (rep),Demonstração da técnica de vibrato no violino,https://youtube.com/watch?v=violin_vibrato,youtube,,,,tutorial,avancado,,[],0,5,true,2026-02-13 18:01:39.533249
0d553eb0-95da-4e53-a887-0ce6375de208,0b9c8c6b-0e47-471c-b83b-01c931410692,video,Violino no Jazz,Improvisação jazzística no violino,https://youtube.com/watch?v=jazz_violin,youtube,,,,performance,avancado,,[],0,7,false,2026-02-13 18:01:39.533249
0d64012d-a02b-4f4b-87e7-acb56d6d6a36,11a7bc0c-232f-40dc-92ac-4d15aebd2d52,imagem,Violino Stradivarius (rep),Violino clássico de luthier famoso mostrando detalhes da madeira,img/violino/stradivarius.jpg,upload,,,,,iniciante,,[],0,1,false,2026-02-13 18:01:39.533249
0d666f47-abbb-4d5a-badd-f0eddb81a828,82052c70-0a9d-4d94-873e-3b402e032f55,audio,Concerto Tchaikovsky,Primeiro movimento do famoso concerto,audio/violino/tchaikovsky_concerto.mp3,upload,,,,,avancado,,[],0,8,true,2026-02-13 18:01:39.533249
0d81db8a-e3a6-48b4-8d6f-a0a3f5716dae,cca87ab1-8ad4-4876-a8d8-190f85927952,video,Violino no Jazz,Improvisação jazzística no violino,https://youtube.com/watch?v=jazz_violin,youtube,,,,performance,avancado,,[],0,7,true,2026-02-13 17:57:36.711969
0dbdac37-be82-4c89-bf1f-8db491f02427,82052c70-0a9d-4d94-873e-3b402e032f55,imagem,Anatomia do Violino,Diagrama educativo das partes do violino,img/violino/anatomia.jpg,upload,,,,,iniciante,,[],0,2,false,2026-02-13 18:01:39.533249
0e118c81-1b3b-42db-bf95-04d6d1198e88,8fbba87d-39e1-4542-b8bb-7c815fdc2b9a,video,Primeiros Passos no Violino,Aula básica de como segurar o violino e o arco,https://youtube.com/watch?v=violin_basics,youtube,,,,tutorial,iniciante,,[],0,4,true,2026-02-13 18:01:39.533249
0e15d1f2-849e-42ce-ba04-cea9e5cf940b,26cadf44-6d7b-4f9b-85d6-6b2c40715f45,video,História do saxofone,Documentário.,https://www.youtube.com/watch?v=saxofone8,youtube,,,,historia,iniciante,420,"[""historia"",""saxofone""]",0,0,false,2025-06-16 00:57:47.581967
0e19896c-b69b-42af-aa27-763c5ddb863a,ac116dcb-4fd4-4ef6-b6fb-f4ff1287bf68,audio,Capricho Paganini,Capricho nº 24 de Paganini,audio/violino/paganini_caprice.mp3,upload,,,,,avancado,,[],0,9,true,2026-02-13 18:01:39.533249
0e344c4a-0a73-45b9-b7c6-b6e569bc3934,ac116dcb-4fd4-4ef6-b6fb-f4ff1287bf68,audio,Concerto Tchaikovsky,Primeiro movimento do famoso concerto,audio/violino/tchaikovsky_concerto.mp3,upload,,,,,avancado,,[],0,8,true,2026-02-13 18:01:39.533249
0e40d101-794c-43f8-acbf-35d136e39553,4445b5c9-dcdf-4dd3-8ce6-bb04a22127ce,3d,Modelo 3D Violino,Modelo tridimensional interativo do violino,models/violino_3d.glb,upload,,,,,iniciante,,[],0,10,true,2026-02-13 17:57:36.711969
0e43f6be-a552-4ae3-b992-e14cd570065c,492f792b-8d0c-46b7-a195-c8c32114696d,imagem,Violino Stradivarius,Violino clássico de luthier famoso mostrando detalhes da madeira,img/violino/stradivarius.jpg,upload,,,,,iniciante,,[],0,1,true,2026-02-13 17:57:36.711969
0e4e8825-645f-4566-bd99-f1c76e75b3e6,82052c70-0a9d-4d94-873e-3b402e032f55,audio,Concerto Tchaikovsky,Primeiro movimento do famoso concerto,audio/violino/tchaikovsky_concerto.mp3,upload,,,,,avancado,,[],0,8,false,2026-02-13 18:01:39.533249
0e6fc43c-e697-4fa6-8365-c9435858e328,1f8c0a22-f3fc-4f51-8938-6e1cc6e24f85,audio,Capricho Paganini,Capricho nº 24 de Paganini,audio/violino/paganini_caprice.mp3,upload,,,,,avancado,,[],0,9,true,2026-02-13 17:57:36.711969
0ec56456-fd74-47e7-b150-ba04d6b89e43,9edff4db-9ef5-43fc-970a-7d2086de223b,video,Violino no Jazz,Improvisação jazzística no violino,https://youtube.com/watch?v=jazz_violin,youtube,,,,performance,avancado,,[],0,7,false,2026-02-13 18:01:39.533249
0f02f563-aad5-47d1-88bc-ab99cfb82288,34f9e29b-3d22-464a-b31c-c3f4fbb73328,imagem,Postura do Violinista,Demonstração da postura correta para tocar violino,img/violino/postura.jpg,upload,,,,,iniciante,,[],0,3,true,2026-02-13 18:01:39.533249
0f178603-80b1-4820-9cbf-82f4b4cc6f4f,36b9d36d-f65b-4ba1-89be-4ab3707e874c,video,Postura correta,Como segurar o fagote.,https://www.youtube.com/watch?v=fagote1,youtube,,,,tecnica,iniciante,300,"[""postura"",""fagote""]",0,0,true,2025-06-20 02:48:24.932103
0f24f4d4-b46a-4f6a-b7c3-758c7485d2ea,96b547b5-e685-40f8-952c-9dfce2ad4dc6,video,Ave Maria - Schubert,Performance clássica da famosa peça,https://youtube.com/watch?v=ave_maria_violin,youtube,,,,performance,intermediario,,[],0,6,true,2026-02-13 17:57:36.711969
0f4218d7-c29c-44aa-88d7-ab161f2aa939,750450cf-e14e-4f02-944e-b3c1bb0f87a4,video,Violino no Jazz (rep),Improvisação jazzística no violino,https://youtube.com/watch?v=jazz_violin,youtube,,,,performance,avancado,,[],0,7,true,2026-02-13 18:01:39.533249
0f56e096-c5bd-4040-bea4-5e89e32b1619,64b94e98-6ad2-4e7f-9aa0-b57f6bb58df1,audio,Capricho Paganini,Capricho nº 24 de Paganini,audio/violino/paganini_caprice.mp3,upload,,,,,avancado,,[],0,9,true,2026-02-13 18:01:39.533249
0f6f2140-e8ae-451f-8a63-a37ab7ef0261,509d6a26-159a-4976-aa46-83f914f930aa,audio,Capricho Paganini,Capricho nº 24 de Paganini,audio/violino/paganini_caprice.mp3,upload,,,,,avancado,,[],0,9,false,2026-02-13 18:01:39.533249
0f78fa3f-5f3c-4b8d-b2d0-1df5a635b39c,e54b748d-3b1b-48ba-b65e-ec1e476e94ad,audio,Capricho Paganini (rep),Capricho nº 24 de Paganini,audio/violino/paganini_caprice.mp3,upload,,,,,avancado,,[],0,9,true,2026-02-13 18:01:39.533249
0f89df8e-feff-46ac-9bbd-05bef135b959,fb125188-c48e-4d89-a46e-11c3b600dabd,imagem,Anatomia do Violino,Diagrama educativo das partes do violino,img/violino/anatomia.jpg,upload,,,,,iniciante,,[],0,2,true,2026-02-13 18:01:39.533249
0fa2e52a-4126-459a-9492-b7b0e30ccf14,0b9c8c6b-0e47-471c-b83b-01c931410692,video,Primeiros Passos no Violino,Aula básica de como segurar o violino e o arco,https://youtube.com/watch?v=violin_basics,youtube,,,,tutorial,iniciante,,[],0,4,true,2026-02-13 17:57:36.711969
0fbc8055-85b9-4e62-a7a1-26c5f444f5ca,850c53c4-2ed6-4a12-a4ff-3fbaecd6bf73,imagem,Trombone desmontado,Partes separadas.,/midias/trombone/desmontado.jpg,upload,,,,tecnica,iniciante,,"[""desmontado"",""trombone""]",0,0,true,2025-06-20 13:43:29.669569
0fd1edcd-5900-47fe-8b19-2ce2a4056d9f,761a3318-9a5e-46f3-88f2-62159b96100c,video,Ave Maria - Schubert,Performance clássica da famosa peça,https://youtube.com/watch?v=ave_maria_violin,youtube,,,,performance,intermediario,,[],0,6,true,2026-02-13 17:57:36.711969
0fe3f3f3-39cb-49bb-9592-fdc0ce5b966f,850c53c4-2ed6-4a12-a4ff-3fbaecd6bf73,audio,Articulação,Articulação clara.,/midias/trombone/articulacao.mp3,upload,,,,tecnica,iniciante,60,"[""articulacao"",""trombone""]",0,0,true,2025-06-20 13:43:29.669569
0fedf91e-77b0-4bd2-982e-3cb57072deba,750450cf-e14e-4f02-944e-b3c1bb0f87a4,imagem,Anatomia do Violino (rep),Diagrama educativo das partes do violino,img/violino/anatomia.jpg,upload,,,,,iniciante,,[],0,2,true,2026-02-13 18:01:39.533249
10278c0c-e9b1-4721-85a6-2915fb5f66f9,c75fe646-ff86-4420-98f0-a0f25d39de45,imagem,Violino Stradivarius,Violino clássico de luthier famoso mostrando detalhes da madeira,img/violino/stradivarius.jpg,upload,,,,,iniciante,,[],0,1,true,2026-02-13 17:57:36.711969
1030f7ae-93af-48b7-8e48-6d7f9def2b2c,fb125188-c48e-4d89-a46e-11c3b600dabd,3d,Modelo 3D Violino,Modelo tridimensional interativo do violino,models/violino_3d.glb,upload,,,,,iniciante,,[],0,10,true,2026-02-13 17:57:36.711969
104d6315-e6bf-41ee-bdb2-a51b1021de77,6b11dc1a-295f-4458-9c08-2bcec09ff3ec,imagem,Violino Stradivarius,Violino clássico de luthier famoso mostrando detalhes da madeira,img/violino/stradivarius.jpg,upload,,,,,iniciante,,[],0,1,true,2026-02-13 17:57:36.711969
10872e6e-20b9-4385-b4e0-d434bcdc7746,2abbd218-b737-410e-934b-f9c8f3d2b806,video,Técnica de Vibrato (rep),Demonstração da técnica de vibrato no violino,https://youtube.com/watch?v=violin_vibrato,youtube,,,,tutorial,avancado,,[],0,5,true,2026-02-13 18:01:39.533249
109a66d7-2416-43e7-9e0d-90308c5912c8,34f9e29b-3d22-464a-b31c-c3f4fbb73328,video,Primeiros Passos no Violino,Aula básica de como segurar o violino e o arco,https://youtube.com/watch?v=violin_basics,youtube,,,,tutorial,iniciante,,[],0,4,true,2026-02-13 18:01:39.533249
10a5df46-4f87-4498-a9aa-6dcf87b38124,82052c70-0a9d-4d94-873e-3b402e032f55,video,Violino no Jazz (rep),Improvisação jazzística no violino,https://youtube.com/watch?v=jazz_violin,youtube,,,,performance,avancado,,[],0,7,true,2026-02-13 18:01:39.533249
10dbf650-4f09-4452-9d7a-70048f5c535e,32705505-7727-4d27-b7bd-b08e7c90c233,imagem,Postura do Violinista (rep),Demonstração da postura correta para tocar violino,img/violino/postura.jpg,upload,,,,,iniciante,,[],0,3,true,2026-02-13 18:01:39.533249
11834256-9b8b-4c7e-91c6-06c6a2036184,750450cf-e14e-4f02-944e-b3c1bb0f87a4,imagem,Anatomia do Violão,Diagrama detalhado mostrando todas as partes do violão,/images/violao/anatomia_violao.jpg,upload,,,,tecnica,iniciante,,"[""anatomia"",""partes"",""educativo""]",0,0,true,2025-06-08 01:05:48.886576
1215ace8-3413-4b3b-86a4-2a434636cffa,cca87ab1-8ad4-4876-a8d8-190f85927952,imagem,Violino Stradivarius,Violino clássico de luthier famoso mostrando detalhes da madeira,img/violino/stradivarius.jpg,upload,,,,,iniciante,,[],0,1,true,2026-02-13 18:01:39.533249
1238ce6d-dccc-423d-ae48-4fd315e00319,e54b748d-3b1b-48ba-b65e-ec1e476e94ad,audio,Capricho Paganini,Capricho nº 24 de Paganini,audio/violino/paganini_caprice.mp3,upload,,,,,avancado,,[],0,9,true,2026-02-13 17:57:36.711969
123f4ae5-bda0-41e5-96da-29d1fe42db28,bee0f63a-e248-4f2c-9325-0a23cb3c5a8e,video,Violino no Jazz,Improvisação jazzística no violino,https://youtube.com/watch?v=jazz_violin,youtube,,,,performance,avancado,,[],0,7,true,2026-02-13 17:57:36.711969
1276d126-329b-45b2-a531-ef5d605112fa,df168c2e-275a-44ed-9ee7-af356bf724e5,audio,Capricho Paganini,Capricho nº 24 de Paganini,audio/violino/paganini_caprice.mp3,upload,,,,,avancado,,[],0,9,true,2026-02-13 18:01:39.533249
12a493ab-0e6d-4c9c-966e-0149609bc111,26cadf44-6d7b-4f9b-85d6-6b2c40715f45,imagem,Sax lateral,Vista lateral.,/midias/saxofone/lateral.jpg,upload,,,,tecnica,iniciante,,"[""estrutura"",""saxofone""]",0,0,false,2025-06-16 00:57:47.581967
12b0a59a-2478-4359-a531-6855038bda00,3702e3f9-bc82-42b6-ae32-c770081b3ec2,imagem,Anatomia do Violino,Diagrama educativo das partes do violino,img/violino/anatomia.jpg,upload,,,,,iniciante,,[],0,2,false,2026-02-13 18:01:39.533249
12ef2457-cd7b-4239-bcb8-508e2df07536,56e32061-7ed6-495d-9bc1-00cdb345b02e,video,Primeiros Passos no Violino (rep),Aula básica de como segurar o violino e o arco,https://youtube.com/watch?v=violin_basics,youtube,,,,tutorial,iniciante,,[],0,4,false,2026-02-13 18:01:39.533249
130184d1-778a-4a16-bb51-d003a85d02e4,32705505-7727-4d27-b7bd-b08e7c90c233,imagem,Anatomia do Violino (rep),Diagrama educativo das partes do violino,img/violino/anatomia.jpg,upload,,,,,iniciante,,[],0,2,true,2026-02-13 18:01:39.533249
131d4801-e571-48b0-a3e3-98000b461a5d,a0f53672-7d87-4ab4-a64f-b551fc1a380d,audio,Concerto Tchaikovsky,Primeiro movimento do famoso concerto,audio/violino/tchaikovsky_concerto.mp3,upload,,,,,avancado,,[],0,8,false,2026-02-13 18:01:39.533249
131f9383-dbba-4355-8c6b-fea36b568f26,a0f53672-7d87-4ab4-a64f-b551fc1a380d,video,Violino no Jazz,Improvisação jazzística no violino,https://youtube.com/watch?v=jazz_violin,youtube,,,,performance,avancado,,[],0,7,true,2026-02-13 17:57:36.711969
1323613a-e41e-446a-b72f-b07455c4c79f,492f792b-8d0c-46b7-a195-c8c32114696d,audio,Concerto Tchaikovsky,Primeiro movimento do famoso concerto,audio/violino/tchaikovsky_concerto.mp3,upload,,,,,avancado,,[],0,8,true,2026-02-13 17:57:36.711969
133f5643-c3d3-4db0-8290-94eb3a541446,63ebeaeb-be5d-4c26-a5cf-f59b71423401,imagem,Postura do Violinista,Demonstração da postura correta para tocar violino,img/violino/postura.jpg,upload,,,,,iniciante,,[],0,3,true,2026-02-13 18:01:39.533249
1347f378-0262-4575-8fb2-dfcbc2f8c0d9,57d10b2f-c49f-460d-8fab-3da3065c15c2,audio,Concerto Tchaikovsky,Primeiro movimento do famoso concerto,audio/violino/tchaikovsky_concerto.mp3,upload,,,,,avancado,,[],0,8,true,2026-02-13 17:57:36.711969
13520ade-633f-4cd1-97f1-4bfa8145fde6,2abbd218-b737-410e-934b-f9c8f3d2b806,imagem,Postura do Violinista,Demonstração da postura correta para tocar violino,img/violino/postura.jpg,upload,,,,,iniciante,,[],0,3,true,2026-02-13 18:01:39.533249
13591dd6-8805-49d5-b9a9-f54ff0b2abf5,4d78c5a4-04bf-452d-b326-83e7c72c10ef,video,Primeiros Passos no Violino,Aula básica de como segurar o violino e o arco,https://youtube.com/watch?v=violin_basics,youtube,,,,tutorial,iniciante,,[],0,4,false,2026-02-13 18:01:39.533249
135d6200-ce55-44a0-ab8b-e5c59a6efc6f,34f9e29b-3d22-464a-b31c-c3f4fbb73328,3d,Modelo 3D Violino,Modelo tridimensional interativo do violino,models/violino_3d.glb,upload,,,,,iniciante,,[],0,10,true,2026-02-13 18:01:39.533249
136bca55-73aa-4d56-ac5d-ef38db73bb0b,3957c464-86dc-4aa2-9f09-57b5eb2a6c6a,video,Técnica de Vibrato,Demonstração da técnica de vibrato no violino,https://youtube.com/watch?v=violin_vibrato,youtube,,,,tutorial,avancado,,[],0,5,true,2026-02-13 17:57:36.711969
1375f3da-d512-417e-9fef-d29daa7adb9e,8ddb4eea-18b9-4b8f-bb85-16a1f5474f87,video,Violino no Jazz (rep),Improvisação jazzística no violino,https://youtube.com/watch?v=jazz_violin,youtube,,,,performance,avancado,,[],0,7,true,2026-02-13 18:01:39.533249
13da3c2c-792d-44ac-914b-44b9e9da1a02,9b42a23b-ac7f-42e1-8a04-bde4c525fbde,audio,Improviso,Improviso ao vivo.,/midias/oboe/improviso.mp3,upload,,,,performance,avancado,180,"[""improviso"",""oboe""]",0,0,true,2025-06-20 05:15:55.927047
13dcf457-02cb-4b6f-b05f-a1c5d76a1bd3,0e52514e-58c3-463a-a6e4-f71a1439f9b7,3d,Modelo 3D Violino,Modelo tridimensional interativo do violino,models/violino_3d.glb,upload,,,,,iniciante,,[],0,10,true,2026-02-13 18:01:39.533249
13f4d02c-b908-4601-92e8-0ab874fbf5dc,4bc1c064-fa97-43f5-b6d7-d466ca66635d,imagem,Violino Stradivarius,Violino clássico de luthier famoso mostrando detalhes da madeira,img/violino/stradivarius.jpg,upload,,,,,iniciante,,[],0,1,true,2026-02-13 17:57:36.711969
144968fb-e737-4b92-8b4c-e1ec87a46dfb,df42056c-8a3e-454c-aeca-73b4d608b85c,imagem,Violino Stradivarius,Violino clássico de luthier famoso mostrando detalhes da madeira,img/violino/stradivarius.jpg,upload,,,,,iniciante,,[],0,1,true,2026-02-13 18:01:39.533249
147e14c3-8a17-40b3-89bd-ce8268155e89,96b547b5-e685-40f8-952c-9dfce2ad4dc6,video,Técnica de Vibrato (rep),Demonstração da técnica de vibrato no violino,https://youtube.com/watch?v=violin_vibrato,youtube,,,,tutorial,avancado,,[],0,5,true,2026-02-13 18:01:39.533249
1480218c-8333-4eb9-91e3-fdc4386f6a59,9b42a23b-ac7f-42e1-8a04-bde4c525fbde,video,Escala de Dó,Execução da escala de Dó.,https://www.youtube.com/watch?v=oboe4,youtube,,,,tecnica,iniciante,180,"[""escala"",""oboe""]",0,0,true,2025-06-20 05:15:55.927047
149c0b4c-a044-4fd8-a4be-baf43f6ca338,453ca164-6f0e-4554-b008-dd68bf4586c2,video,Primeiros Passos no Violino,Aula básica de como segurar o violino e o arco,https://youtube.com/watch?v=violin_basics,youtube,,,,tutorial,iniciante,,[],0,4,false,2026-02-13 18:01:39.533249
14a2a589-de08-408f-bc2e-9c5fd7749357,df49fd27-9bcd-4462-a0f8-b36f0ff9f97f,video,Primeiros Passos no Violino,Aula básica de como segurar o violino e o arco,https://youtube.com/watch?v=violin_basics,youtube,,,,tutorial,iniciante,,[],0,4,true,2026-02-13 17:57:36.711969
14b329ac-7541-427e-a3e5-35c759a30ead,9a5e0eac-114e-4173-90af-32b55c870675,imagem,Anatomia do Violino,Diagrama educativo das partes do violino,img/violino/anatomia.jpg,upload,,,,,iniciante,,[],0,2,true,2026-02-13 17:57:36.711969
14de35f2-9394-423f-8877-e36ce12c0405,761a3318-9a5e-46f3-88f2-62159b96100c,imagem,Violino Stradivarius (rep),Violino clássico de luthier famoso mostrando detalhes da madeira,img/violino/stradivarius.jpg,upload,,,,,iniciante,,[],0,1,true,2026-02-13 18:01:39.533249
14edc1d1-6c6d-4134-ac56-c22ecb026d9a,86f83611-c0db-470c-87e7-31ee81b1a009,video,Ave Maria - Schubert,Performance clássica da famosa peça,https://youtube.com/watch?v=ave_maria_violin,youtube,,,,performance,intermediario,,[],0,6,true,2026-02-13 17:57:36.711969
151742e9-44ec-4ee6-9edc-e69a61300f86,8ddb4eea-18b9-4b8f-bb85-16a1f5474f87,video,Primeiros Passos no Violino,Aula básica de como segurar o violino e o arco,https://youtube.com/watch?v=violin_basics,youtube,,,,tutorial,iniciante,,[],0,4,false,2026-02-13 18:01:39.533249
151c222d-82fa-4e08-9adf-2619b25d090d,86f83611-c0db-470c-87e7-31ee81b1a009,imagem,Anatomia do Violino (rep),Diagrama educativo das partes do violino,img/violino/anatomia.jpg,upload,,,,,iniciante,,[],0,2,true,2026-02-13 18:01:39.533249
1557c936-1dfe-4c80-8c02-e18181571eb0,64b94e98-6ad2-4e7f-9aa0-b57f6bb58df1,video,Primeiros Passos no Violino (rep),Aula básica de como segurar o violino e o arco,https://youtube.com/watch?v=violin_basics,youtube,,,,tutorial,iniciante,,[],0,4,true,2026-02-13 18:01:39.533249
1586ccd3-6538-4064-ad07-1c36808467a4,11a7bc0c-232f-40dc-92ac-4d15aebd2d52,3d,Modelo 3D Violino,Modelo tridimensional interativo do violino,models/violino_3d.glb,upload,,,,,iniciante,,[],0,10,false,2026-02-13 18:01:39.533249
1591c569-1bae-48a0-b785-8db734fd9c93,c75fe646-ff86-4420-98f0-a0f25d39de45,video,Primeiros Passos no Violino,Aula básica de como segurar o violino e o arco,https://youtube.com/watch?v=violin_basics,youtube,,,,tutorial,iniciante,,[],0,4,true,2026-02-13 18:01:39.533249
15b20ba4-f5a8-4685-b0ba-1860d5d9c515,412c40b6-f4fc-4379-9d6f-5ce0ec2d669d,video,Concerto solo,Trecho de concerto para violoncelo.,https://www.youtube.com/watch?v=violoncelo7,youtube,,,,performance,avancado,600,"[""concerto"",""violoncelo""]",0,0,true,2025-06-15 19:35:06.847648
15c16602-bf04-40bd-9f7e-590c5f8f08fb,c75fe646-ff86-4420-98f0-a0f25d39de45,video,Violino no Jazz,Improvisação jazzística no violino,https://youtube.com/watch?v=jazz_violin,youtube,,,,performance,avancado,,[],0,7,true,2026-02-13 18:01:39.533249
15cc4730-a574-4aa6-bade-9a7f6bae2a39,11a7bc0c-232f-40dc-92ac-4d15aebd2d52,video,Primeiros Passos no Violino,Aula básica de como segurar o violino e o arco,https://youtube.com/watch?v=violin_basics,youtube,,,,tutorial,iniciante,,[],0,4,true,2026-02-13 18:01:39.533249
15fd3f73-42e4-4c76-ab72-cea7886f038f,174f6ed4-3c21-444a-acfa-5149f53f2ca0,audio,Concerto Tchaikovsky,Primeiro movimento do famoso concerto,audio/violino/tchaikovsky_concerto.mp3,upload,,,,,avancado,,[],0,8,true,2026-02-13 17:57:36.711969
162a98f6-137e-49c9-97aa-11e69b1d35e4,ac116dcb-4fd4-4ef6-b6fb-f4ff1287bf68,audio,Concerto Tchaikovsky,Primeiro movimento do famoso concerto,audio/violino/tchaikovsky_concerto.mp3,upload,,,,,avancado,,[],0,8,true,2026-02-13 17:57:36.711969
162e3356-bebb-4692-912c-9d0f5bcc2adb,3e02292d-bd2f-46ed-9b9e-a0c8b0acd996,imagem,Anatomia do Violino (rep),Diagrama educativo das partes do violino,img/violino/anatomia.jpg,upload,,,,,iniciante,,[],0,2,true,2026-02-13 18:01:39.533249
167e49c8-be03-44eb-8b16-d50d6100d6ae,34f9e29b-3d22-464a-b31c-c3f4fbb73328,audio,Concerto Tchaikovsky,Primeiro movimento do famoso concerto,audio/violino/tchaikovsky_concerto.mp3,upload,,,,,avancado,,[],0,8,true,2026-02-13 18:01:39.533249
1697fb37-6c85-46e1-b4bb-ae7fa8728709,4d78c5a4-04bf-452d-b326-83e7c72c10ef,imagem,Violino Stradivarius,Violino clássico de luthier famoso mostrando detalhes da madeira,img/violino/stradivarius.jpg,upload,,,,,iniciante,,[],0,1,true,2026-02-13 17:57:36.711969
16986dfa-ad59-445c-bc99-e7b56627b25d,ee709f67-e4e4-4f9c-9001-7574e4d8dfa0,video,Técnica de Vibrato,Demonstração da técnica de vibrato no violino,https://youtube.com/watch?v=violin_vibrato,youtube,,,,tutorial,avancado,,[],0,5,true,2026-02-13 17:57:36.711969
16a0fb14-831e-4ffe-b5c9-22c56fb19cac,56f643e0-a3e2-4067-84ac-334c454426f8,audio,Concerto Tchaikovsky,Primeiro movimento do famoso concerto,audio/violino/tchaikovsky_concerto.mp3,upload,,,,,avancado,,[],0,8,true,2026-02-13 17:57:36.711969
16c04672-0d9e-490d-b7ba-4b12eda4a1f7,b73f1d80-3d73-487e-89b8-ab35274a8dd4,audio,Orquestra,Execução em orquestra.,/midias/contrabaixo/orquestra.mp3,upload,,,,performance,avancado,300,"[""orquestra"",""contrabaixo""]",0,0,true,2025-06-16 05:28:34.120792
16fba952-209e-4f62-87c7-31dfe38202a2,e54b748d-3b1b-48ba-b65e-ec1e476e94ad,3d,Modelo 3D Violino,Modelo tridimensional interativo do violino,models/violino_3d.glb,upload,,,,,iniciante,,[],0,10,true,2026-02-13 17:57:36.711969
17302f9c-3e1e-4ee4-847d-d2ee0b30af68,ee709f67-e4e4-4f9c-9001-7574e4d8dfa0,imagem,Violino Stradivarius (rep),Violino clássico de luthier famoso mostrando detalhes da madeira,img/violino/stradivarius.jpg,upload,,,,,iniciante,,[],0,1,true,2026-02-13 18:01:39.533249
1762f30c-d035-47eb-8f59-88a189976ccb,36040329-1aa6-428a-ad39-cd85de03493e,imagem,Anatomia do Violino,Diagrama educativo das partes do violino,img/violino/anatomia.jpg,upload,,,,,iniciante,,[],0,2,false,2026-02-13 18:01:39.533249
1783ab98-cb93-4d68-8ae5-9c66fb43b1c0,453ca164-6f0e-4554-b008-dd68bf4586c2,imagem,Anatomia do Violino,Diagrama educativo das partes do violino,img/violino/anatomia.jpg,upload,,,,,iniciante,,[],0,2,true,2026-02-13 18:01:39.533249
17a0e1f4-1f80-482f-9ba7-ea6133d1fe78,c75fe646-ff86-4420-98f0-a0f25d39de45,audio,Concerto Tchaikovsky,Primeiro movimento do famoso concerto,audio/violino/tchaikovsky_concerto.mp3,upload,,,,,avancado,,[],0,8,true,2026-02-13 18:01:39.533249
17a29f41-1f66-4908-a512-2fe8c572b4f1,36040329-1aa6-428a-ad39-cd85de03493e,3d,Modelo 3D Violino,Modelo tridimensional interativo do violino,models/violino_3d.glb,upload,,,,,iniciante,,[],0,10,true,2026-02-13 18:01:39.533249
17c7a581-bc70-4c44-ba44-334c5aea7986,df49fd27-9bcd-4462-a0f8-b36f0ff9f97f,audio,Capricho Paganini,Capricho nº 24 de Paganini,audio/violino/paganini_caprice.mp3,upload,,,,,avancado,,[],0,9,true,2026-02-13 17:57:36.711969
17dbbf27-6c01-4ae7-a854-a4ed22df22b3,8ddb4eea-18b9-4b8f-bb85-16a1f5474f87,3d,Modelo 3D Violino,Modelo tridimensional interativo do violino,models/violino_3d.glb,upload,,,,,iniciante,,[],0,10,true,2026-02-13 17:57:36.711969
17f4d6be-248f-4f26-8c03-b69b54eeb1e0,df42056c-8a3e-454c-aeca-73b4d608b85c,video,Técnica de Vibrato (rep),Demonstração da técnica de vibrato no violino,https://youtube.com/watch?v=violin_vibrato,youtube,,,,tutorial,avancado,,[],0,5,true,2026-02-13 18:01:39.533249
1830b87f-a11e-4c7a-8be1-64397477b65e,4bc1c064-fa97-43f5-b6d7-d466ca66635d,video,Primeiros Passos no Violino,Aula básica de como segurar o violino e o arco,https://youtube.com/watch?v=violin_basics,youtube,,,,tutorial,iniciante,,[],0,4,true,2026-02-13 17:57:36.711969
18611448-0c3b-46e3-8b42-7b6062ef68cf,0b9c8c6b-0e47-471c-b83b-01c931410692,audio,Concerto Tchaikovsky,Primeiro movimento do famoso concerto,audio/violino/tchaikovsky_concerto.mp3,upload,,,,,avancado,,[],0,8,false,2026-02-13 18:01:39.533249
18b23021-84ec-4393-aaad-c1ec417ba60c,80436b4f-15c1-452f-9442-34e42b5117e4,video,Técnica de Vibrato,Demonstração da técnica de vibrato no violino,https://youtube.com/watch?v=violin_vibrato,youtube,,,,tutorial,avancado,,[],0,5,true,2025-06-09 03:41:34.794455
18c107dd-253a-468e-a229-94991b63f683,6b11dc1a-295f-4458-9c08-2bcec09ff3ec,imagem,Anatomia do Violino,Diagrama educativo das partes do violino,img/violino/anatomia.jpg,upload,,,,,iniciante,,[],0,2,true,2026-02-13 17:57:36.711969
18c93a86-68bd-4e72-9405-dea5ae9f4672,d7c80fe1-ab43-4920-b2aa-d9b4f3ace166,audio,Concerto Mozart,Trecho de concerto,/midias/clarinete/mozart.mp3,upload,,,,performance,avancado,300,"[""mozart"",""clarinete""]",0,0,false,2025-06-15 19:19:49.258132
18dad63b-77c6-4647-b0c1-2e4335db862f,0e52514e-58c3-463a-a6e4-f71a1439f9b7,3d,Modelo 3D Violino,Modelo tridimensional interativo do violino,models/violino_3d.glb,upload,,,,,iniciante,,[],0,10,true,2026-02-13 17:57:36.711969
1900d456-077f-4bf3-9002-447a5a40c305,2abbd218-b737-410e-934b-f9c8f3d2b806,imagem,Postura do Violinista (rep),Demonstração da postura correta para tocar violino,img/violino/postura.jpg,upload,,,,,iniciante,,[],0,3,true,2026-02-13 18:01:39.533249
191a14ef-a790-4c98-a4b9-83c137d69c65,794f42a6-619a-4ca3-8f1b-c3ac7a9e7a08,video,Staccato,Notas destacadas.,https://www.youtube.com/watch?v=flauta4,youtube,,,,tecnica,iniciante,180,"[""staccato"",""flauta""]",0,0,true,2025-06-15 19:42:58.828009
19254341-9281-4472-879c-0f362c00da3e,fb125188-c48e-4d89-a46e-11c3b600dabd,video,Primeiros Passos no Violino,Aula básica de como segurar o violino e o arco,https://youtube.com/watch?v=violin_basics,youtube,,,,tutorial,iniciante,,[],0,4,true,2026-02-13 18:01:39.533249
19577b12-896d-4e62-ad14-129e8019fb16,8ddb4eea-18b9-4b8f-bb85-16a1f5474f87,imagem,Postura do Violinista,Demonstração da postura correta para tocar violino,img/violino/postura.jpg,upload,,,,,iniciante,,[],0,3,true,2026-02-13 17:57:36.711969
19817181-3910-45b3-90f2-044c09d306d0,850c53c4-2ed6-4a12-a4ff-3fbaecd6bf73,imagem,Partes do trombone,Imagem com partes anotadas.,/midias/trombone/partes.jpg,upload,,,,tecnica,iniciante,,"[""anatomia"",""trombone""]",0,0,true,2025-06-20 13:43:29.669569
19c547d1-db62-42bf-bd55-c80c6e49996f,32705505-7727-4d27-b7bd-b08e7c90c233,audio,Concerto Tchaikovsky,Primeiro movimento do famoso concerto,audio/violino/tchaikovsky_concerto.mp3,upload,,,,,avancado,,[],0,8,true,2026-02-13 17:57:36.711969
19f4f77c-16bf-4980-ad57-7d788ab8e6e5,8bd473f1-7b35-4b9e-869a-17fb73c6e047,imagem,Teclado lateral,Vista lateral.,/midias/teclado/lateral.jpg,upload,,,,tecnica,iniciante,,"[""estrutura"",""teclado""]",0,0,true,2025-06-15 20:36:24.121938
1a17d22f-6dd2-4bb9-b674-a5f810d7826d,174f6ed4-3c21-444a-acfa-5149f53f2ca0,audio,Capricho Paganini,Capricho nº 24 de Paganini,audio/violino/paganini_caprice.mp3,upload,,,,,avancado,,[],0,9,true,2026-02-13 18:01:39.533249
1a382691-fb1e-4295-87e9-7a38830ccf55,80436b4f-15c1-452f-9442-34e42b5117e4,imagem,Violino Stradivarius,Violino clássico de luthier famoso mostrando detalhes da madeira,img/violino/stradivarius.jpg,upload,,,,,iniciante,,[],0,1,true,2026-02-13 17:57:36.711969
1a505798-a2f4-42e5-a28c-b78f27087ead,761a3318-9a5e-46f3-88f2-62159b96100c,video,Técnica de Vibrato,Demonstração da técnica de vibrato no violino,https://youtube.com/watch?v=violin_vibrato,youtube,,,,tutorial,avancado,,[],0,5,true,2026-02-13 17:57:36.711969
1a6533d9-a611-440d-aefd-7baafdc1765a,35aff373-706c-47d8-8004-d8edcddb1e0c,audio,Slap,Exemplo slap.,/midias/baixo/slap.mp3,upload,,,,tecnica,iniciante,60,"[""slap"",""baixo""]",0,0,true,2025-06-16 04:38:10.049188
1a8beb0f-73b7-455a-b055-3491a27da29e,9c3a903d-8750-4ded-9341-c876a6d6de93,3d,Modelo 3D Violino (rep),Modelo tridimensional interativo do violino,models/violino_3d.glb,upload,,,,,iniciante,,[],0,10,false,2026-02-13 18:01:39.533249
1a90a0d6-d361-48e8-88e1-a72887de8bb8,7b6ae164-dfdf-452d-a5c3-d01554861444,video,Primeiros Passos no Violino,Aula básica de como segurar o violino e o arco,https://youtube.com/watch?v=violin_basics,youtube,,,,tutorial,iniciante,,[],0,4,true,2026-02-13 18:01:39.533249
1aadf7be-848b-4c21-af3c-aa0e5f8fcb4c,c75fe646-ff86-4420-98f0-a0f25d39de45,video,Violino no Jazz,Improvisação jazzística no violino,https://youtube.com/watch?v=jazz_violin,youtube,,,,performance,avancado,,[],0,7,true,2026-02-13 18:01:39.533249
1ac73bc6-e291-4a11-8ecb-bbe6d14a8c69,87ee66bf-bb70-4e70-9aa3-4bff514ced4e,video,Técnica de Vibrato (rep),Demonstração da técnica de vibrato no violino,https://youtube.com/watch?v=violin_vibrato,youtube,,,,tutorial,avancado,,[],0,5,false,2026-02-13 18:01:39.533249
1acd50f9-8beb-461c-b04c-7d755a19f6ac,6b11dc1a-295f-4458-9c08-2bcec09ff3ec,imagem,Postura do Violinista,Demonstração da postura correta para tocar violino,img/violino/postura.jpg,upload,,,,,iniciante,,[],0,3,true,2026-02-13 18:01:39.533249
1ae5caa5-4ff8-490d-9322-ed710478b264,0e52514e-58c3-463a-a6e4-f71a1439f9b7,video,Ave Maria - Schubert (rep),Performance clássica da famosa peça,https://youtube.com/watch?v=ave_maria_violin,youtube,,,,performance,intermediario,,[],0,6,true,2026-02-13 18:01:39.533249
1afecd27-7eca-4746-813b-4302f33a60d8,ab9720a5-1973-484e-9a44-d4aa62594336,3d,Modelo 3D Piano de Cauda,Exploração interativa de todas as partes do piano,/models/piano_3d.obj,upload,,,,demonstracao,iniciante,,"[""3d"",""interativo"",""anatomia""]",0,0,true,2025-06-08 15:18:29.330868
1b098995-73f6-4214-8486-4ff62190f03d,3702e3f9-bc82-42b6-ae32-c770081b3ec2,imagem,Violino Stradivarius,Violino clássico de luthier famoso mostrando detalhes da madeira,img/violino/stradivarius.jpg,upload,,,,,iniciante,,[],0,1,true,2026-02-13 18:01:39.533249
1b0ef9b3-84d6-4428-b3c6-4b27e89bcefb,4d78c5a4-04bf-452d-b326-83e7c72c10ef,3d,Modelo 3D Violino,Modelo tridimensional interativo do violino,models/violino_3d.glb,upload,,,,,iniciante,,[],0,10,true,2026-02-13 17:57:36.711969
1b4d6006-3aa3-4eb5-a88b-995de13dcb74,4bc1c064-fa97-43f5-b6d7-d466ca66635d,video,Violino no Jazz (rep),Improvisação jazzística no violino,https://youtube.com/watch?v=jazz_violin,youtube,,,,performance,avancado,,[],0,7,true,2026-02-13 18:01:39.533249
1b50a230-1b3d-43f2-b5f8-eade62227d3f,4445b5c9-dcdf-4dd3-8ce6-bb04a22127ce,imagem,Postura do Violinista (rep),Demonstração da postura correta para tocar violino,img/violino/postura.jpg,upload,,,,,iniciante,,[],0,3,false,2026-02-13 18:01:39.533249
1b580a85-2333-43cc-92db-ac8a95453546,1f8c0a22-f3fc-4f51-8938-6e1cc6e24f85,imagem,Violino Stradivarius,Violino clássico de luthier famoso mostrando detalhes da madeira,img/violino/stradivarius.jpg,upload,,,,,iniciante,,[],0,1,true,2026-02-13 17:57:36.711969
1b698a6e-dd1c-4c98-afdc-f56352de7532,32705505-7727-4d27-b7bd-b08e7c90c233,video,Violino no Jazz,Improvisação jazzística no violino,https://youtube.com/watch?v=jazz_violin,youtube,,,,performance,avancado,,[],0,7,true,2026-02-13 18:01:39.533249
1b6e7556-4240-4150-b470-324fe7364651,bee0f63a-e248-4f2c-9325-0a23cb3c5a8e,video,Técnica de Vibrato,Demonstração da técnica de vibrato no violino,https://youtube.com/watch?v=violin_vibrato,youtube,,,,tutorial,avancado,,[],0,5,false,2026-02-13 18:01:39.533249
1b8bc089-8ea7-43d9-8224-4bc2d0b19721,6925f61b-ba48-473a-b69a-e3548036c1df,3d,Modelo 3D Violino,Modelo tridimensional interativo do violino,models/violino_3d.glb,upload,,,,,iniciante,,[],0,10,true,2026-02-13 18:01:39.533249
1badd813-031f-49de-89ae-0c59ebd47636,df168c2e-275a-44ed-9ee7-af356bf724e5,imagem,Anatomia do Violino,Diagrama educativo das partes do violino,img/violino/anatomia.jpg,upload,,,,,iniciante,,[],0,2,true,2026-02-13 17:57:36.711969
1bb8ca5b-b9b0-4a77-be9b-59dca5e85e3a,6925f61b-ba48-473a-b69a-e3548036c1df,video,Violino no Jazz,Improvisação jazzística no violino,https://youtube.com/watch?v=jazz_violin,youtube,,,,performance,avancado,,[],0,7,true,2026-02-13 18:01:39.533249
1bc13fd7-8498-4771-b5b7-c58d664d3a9c,ac116dcb-4fd4-4ef6-b6fb-f4ff1287bf68,audio,Concerto Tchaikovsky (rep),Primeiro movimento do famoso concerto,audio/violino/tchaikovsky_concerto.mp3,upload,,,,,avancado,,[],0,8,false,2026-02-13 18:01:39.533249
1bdf615c-6ab5-4a83-b17d-48eaccae48af,8fbba87d-39e1-4542-b8bb-7c815fdc2b9a,video,Primeiros Passos no Violino (rep),Aula básica de como segurar o violino e o arco,https://youtube.com/watch?v=violin_basics,youtube,,,,tutorial,iniciante,,[],0,4,true,2026-02-13 18:01:39.533249
1be34095-40ed-406a-8f0d-0ee2c7254935,3702e3f9-bc82-42b6-ae32-c770081b3ec2,imagem,Violino Stradivarius,Violino clássico de luthier famoso mostrando detalhes da madeira,img/violino/stradivarius.jpg,upload,,,,,iniciante,,[],0,1,false,2026-02-13 18:01:39.533249
1bf182a8-b7c0-43d7-9846-a406a4dfbd80,750450cf-e14e-4f02-944e-b3c1bb0f87a4,3d,Modelo 3D Violino,Modelo tridimensional interativo do violino,models/violino_3d.glb,upload,,,,,iniciante,,[],0,10,false,2026-02-13 18:01:39.533249
1c0e035e-c336-45e1-885c-fed11cc40ffc,80436b4f-15c1-452f-9442-34e42b5117e4,video,Ave Maria - Schubert (rep),Performance clássica da famosa peça,https://youtube.com/watch?v=ave_maria_violin,youtube,,,,performance,intermediario,,[],0,6,true,2026-02-13 18:01:31.997858
1c1ceaf4-6b6d-44d6-a41b-1b9669dfb363,4d78c5a4-04bf-452d-b326-83e7c72c10ef,video,Técnica de Vibrato,Demonstração da técnica de vibrato no violino,https://youtube.com/watch?v=violin_vibrato,youtube,,,,tutorial,avancado,,[],0,5,true,2026-02-13 17:57:36.711969
1c334520-2226-494c-889b-3d486fc9954e,4c61dc18-2b1e-48c8-8a2e-2c730679d4a5,3d,Modelo 3D Violino,Modelo tridimensional interativo do violino,models/violino_3d.glb,upload,,,,,iniciante,,[],0,10,true,2026-02-13 17:57:36.711969
1c34613b-7a9b-486a-8290-0b27b201979e,9b42a23b-ac7f-42e1-8a04-bde4c525fbde,audio,Articulação,Articulação clara.,/midias/oboe/articulacao.mp3,upload,,,,tecnica,iniciante,60,"[""articulacao"",""oboe""]",0,0,true,2025-06-20 05:15:55.927047
1c3a5c43-1c33-4f9a-837d-99a5983ec2c7,3e02292d-bd2f-46ed-9b9e-a0c8b0acd996,video,Técnica de Vibrato (rep),Demonstração da técnica de vibrato no violino,https://youtube.com/watch?v=violin_vibrato,youtube,,,,tutorial,avancado,,[],0,5,true,2026-02-13 18:01:39.533249
1c41e31e-62ef-41c9-a329-41d39a673450,4c61dc18-2b1e-48c8-8a2e-2c730679d4a5,imagem,Postura do Violinista,Demonstração da postura correta para tocar violino,img/violino/postura.jpg,upload,,,,,iniciante,,[],0,3,true,2026-02-13 18:01:39.533249
1c7f9bfd-ba46-4559-b129-f9dfef4a2564,57d10b2f-c49f-460d-8fab-3da3065c15c2,audio,Concerto Tchaikovsky,Primeiro movimento do famoso concerto,audio/violino/tchaikovsky_concerto.mp3,upload,,,,,avancado,,[],0,8,false,2026-02-13 18:01:39.533249
1cae63ec-b4ff-4b53-98cc-43cb658fac14,6925f61b-ba48-473a-b69a-e3548036c1df,imagem,Violino Stradivarius,Violino clássico de luthier famoso mostrando detalhes da madeira,img/violino/stradivarius.jpg,upload,,,,,iniciante,,[],0,1,true,2026-02-13 18:01:39.533249
1cc672dd-7fdf-4c93-aae6-c3309254bdd0,e48ad87b-d237-45e4-a707-05374c4240fa,video,Primeiros Passos no Violino,Aula básica de como segurar o violino e o arco,https://youtube.com/watch?v=violin_basics,youtube,,,,tutorial,iniciante,,[],0,4,false,2026-02-13 18:01:39.533249
1cc6b386-8f11-44a6-b929-2fb9be42b2dc,d7c80fe1-ab43-4920-b2aa-d9b4f3ace166,video,História do clarinete,Documentário,https://www.youtube.com/watch?v=clarinete8,youtube,,,,historia,iniciante,420,"[""historia"",""clarinete""]",0,0,true,2025-06-15 19:19:49.258132
1ce0d2a2-79c9-487d-a67a-5ea160c8164f,63ebeaeb-be5d-4c26-a5cf-f59b71423401,video,Violino no Jazz,Improvisação jazzística no violino,https://youtube.com/watch?v=jazz_violin,youtube,,,,performance,avancado,,[],0,7,true,2026-02-13 18:01:39.533249
1cebf862-c4d1-4d8a-a375-aa3f88a0c6e6,6b11dc1a-295f-4458-9c08-2bcec09ff3ec,imagem,Postura do Violinista (rep),Demonstração da postura correta para tocar violino,img/violino/postura.jpg,upload,,,,,iniciante,,[],0,3,false,2026-02-13 18:01:39.533249
1cfa0733-e7c6-4e40-aa38-eaa49d6e19c7,850c53c4-2ed6-4a12-a4ff-3fbaecd6bf73,audio,Improviso,Improviso ao vivo.,/midias/trombone/improviso.mp3,upload,,,,performance,avancado,180,"[""improviso"",""trombone""]",0,0,true,2025-06-20 13:43:29.669569
1d0baccc-0350-4f3d-bfe6-8d7e14abb078,96b547b5-e685-40f8-952c-9dfce2ad4dc6,imagem,Postura do Violinista (rep),Demonstração da postura correta para tocar violino,img/violino/postura.jpg,upload,,,,,iniciante,,[],0,3,true,2026-02-13 18:01:39.533249
1d3c6f5b-566b-45df-bf8d-13fe11cc1783,36b9d36d-f65b-4ba1-89be-4ab3707e874c,audio,Articulação,Articulação rápida.,/midias/fagote/articulacao.mp3,upload,,,,tecnica,iniciante,60,"[""articulacao"",""fagote""]",0,0,true,2025-06-20 02:48:24.932103
1d3cb334-46b9-42de-8fc0-b5e50695b67d,3e02292d-bd2f-46ed-9b9e-a0c8b0acd996,imagem,Anatomia do Violino,Diagrama educativo das partes do violino,img/violino/anatomia.jpg,upload,,,,,iniciante,,[],0,2,false,2026-02-13 18:01:39.533249
1d4a2c15-21c4-4337-b19e-672115f81f57,ac116dcb-4fd4-4ef6-b6fb-f4ff1287bf68,imagem,Anatomia do Violino (rep),Diagrama educativo das partes do violino,img/violino/anatomia.jpg,upload,,,,,iniciante,,[],0,2,false,2026-02-13 18:01:39.533249
1d65dc52-5919-4e97-b7cf-bfbc19e44c72,b7425269-f2bb-454c-8c61-e3e9d028c9b4,video,Ave Maria - Schubert,Performance clássica da famosa peça,https://youtube.com/watch?v=ave_maria_violin,youtube,,,,performance,intermediario,,[],0,6,true,2026-02-13 17:57:36.711969
1e0146de-aa3a-4858-9bf1-7360a4897991,56e32061-7ed6-495d-9bc1-00cdb345b02e,imagem,Postura do Violinista,Demonstração da postura correta para tocar violino,img/violino/postura.jpg,upload,,,,,iniciante,,[],0,3,true,2026-02-13 18:01:39.533249
1e2071ca-1102-4a9c-93f0-2b05114d0d97,bee0f63a-e248-4f2c-9325-0a23cb3c5a8e,imagem,Postura do Violinista (rep),Demonstração da postura correta para tocar violino,img/violino/postura.jpg,upload,,,,,iniciante,,[],0,3,true,2026-02-13 18:01:39.533249
1e36995d-0fec-4d64-87d5-87b3f904dd11,8fbba87d-39e1-4542-b8bb-7c815fdc2b9a,audio,Concerto Tchaikovsky,Primeiro movimento do famoso concerto,audio/violino/tchaikovsky_concerto.mp3,upload,,,,,avancado,,[],0,8,false,2026-02-13 18:01:39.533249
1e6dc946-dafc-4357-ae6e-3501210e559b,4445b5c9-dcdf-4dd3-8ce6-bb04a22127ce,imagem,Anatomia do Violino (rep),Diagrama educativo das partes do violino,img/violino/anatomia.jpg,upload,,,,,iniciante,,[],0,2,false,2026-02-13 18:01:39.533249
1e727a0a-31ec-4a2a-a509-9251186c13e0,4d78c5a4-04bf-452d-b326-83e7c72c10ef,audio,Concerto Tchaikovsky,Primeiro movimento do famoso concerto,audio/violino/tchaikovsky_concerto.mp3,upload,,,,,avancado,,[],0,8,false,2026-02-13 18:01:39.533249
1e7d23d3-d43c-41e5-b61a-51fa8b3d6649,82052c70-0a9d-4d94-873e-3b402e032f55,audio,Capricho Paganini,Capricho nº 24 de Paganini,audio/violino/paganini_caprice.mp3,upload,,,,,avancado,,[],0,9,true,2026-02-13 18:01:39.533249
1e8af775-891f-4fab-9925-0f3795ce1909,35da6877-2528-4f37-9ab4-b44893ad1dbf,video,Técnica de Vibrato,Demonstração da técnica de vibrato no violino,https://youtube.com/watch?v=violin_vibrato,youtube,,,,tutorial,avancado,,[],0,5,false,2026-02-13 18:01:39.533249
1e8fa961-356d-4faf-ac3d-3af92e6c19c9,794f42a6-619a-4ca3-8f1b-c3ac7a9e7a08,imagem,Flauta em orquestra,Flauta em uso na orquestra.,/midias/flauta/orquestra.jpg,upload,,,,performance,intermediario,,"[""orquestra"",""flauta""]",0,0,true,2025-06-15 19:42:58.828009
1ed2f1b5-31eb-46fa-a135-3a2f96e02a76,13912e91-7b48-4a8d-82b7-b59515c2a0d3,imagem,Anatomia do Violino,Diagrama educativo das partes do violino,img/violino/anatomia.jpg,upload,,,,,iniciante,,[],0,2,true,2026-02-13 17:57:36.711969
1efc9d27-b0e3-47b5-8a30-2fe8f4030162,63ebeaeb-be5d-4c26-a5cf-f59b71423401,video,Ave Maria - Schubert,Performance clássica da famosa peça,https://youtube.com/watch?v=ave_maria_violin,youtube,,,,performance,intermediario,,[],0,6,true,2026-02-13 18:01:39.533249
1f464a9a-8897-44fb-98a2-710ba5daf7c4,36040329-1aa6-428a-ad39-cd85de03493e,audio,Concerto Tchaikovsky,Primeiro movimento do famoso concerto,audio/violino/tchaikovsky_concerto.mp3,upload,,,,,avancado,,[],0,8,true,2026-02-13 17:57:36.711969
1f4fb3f6-fa48-41b6-aa45-86595df401f2,4c61dc18-2b1e-48c8-8a2e-2c730679d4a5,imagem,Anatomia do Violino,Diagrama educativo das partes do violino,img/violino/anatomia.jpg,upload,,,,,iniciante,,[],0,2,true,2026-02-13 17:57:36.711969
1f57bbcf-8998-454f-a1e0-450de83b2952,26cadf44-6d7b-4f9b-85d6-6b2c40715f45,video,Staccato,Notas destacadas.,https://www.youtube.com/watch?v=saxofone4,youtube,,,,tecnica,iniciante,180,"[""staccato"",""saxofone""]",0,0,true,2025-06-16 00:56:26.375072
1f5ebb7d-3f49-4455-b128-4cb5acca29be,a0f53672-7d87-4ab4-a64f-b551fc1a380d,imagem,Anatomia do Violino (rep),Diagrama educativo das partes do violino,img/violino/anatomia.jpg,upload,,,,,iniciante,,[],0,2,true,2026-02-13 18:01:39.533249
1f7a28a5-78ee-4ae4-9d84-c496ff3cde23,96b547b5-e685-40f8-952c-9dfce2ad4dc6,video,Técnica de Vibrato,Demonstração da técnica de vibrato no violino,https://youtube.com/watch?v=violin_vibrato,youtube,,,,tutorial,avancado,,[],0,5,true,2026-02-13 18:01:39.533249
1f7f84cd-891d-4d8e-8038-afd33dcb654e,9c3a903d-8750-4ded-9341-c876a6d6de93,3d,Modelo 3D Violino,Modelo tridimensional interativo do violino,models/violino_3d.glb,upload,,,,,iniciante,,[],0,10,true,2026-02-13 17:57:36.711969
1fa0a3cc-686f-40eb-bce3-91225047d6dc,92ecdeff-3480-4f27-85cd-86f12622cf9f,3d,Modelo 3D Violino (rep),Modelo tridimensional interativo do violino,models/violino_3d.glb,upload,,,,,iniciante,,[],0,10,false,2026-02-13 18:01:39.533249
1fa14ee0-b3a2-415b-8060-372ede6e512a,174f6ed4-3c21-444a-acfa-5149f53f2ca0,video,Ave Maria - Schubert (rep),Performance clássica da famosa peça,https://youtube.com/watch?v=ave_maria_violin,youtube,,,,performance,intermediario,,[],0,6,true,2026-02-13 18:01:39.533249
1fd29ad5-7690-45bb-bc29-cf7d5c1518d5,0b9c8c6b-0e47-471c-b83b-01c931410692,3d,Modelo 3D Violino,Modelo tridimensional interativo do violino,models/violino_3d.glb,upload,,,,,iniciante,,[],0,10,true,2026-02-13 17:57:36.711969
1ffcf792-e507-4a75-9c19-3441a915e8e8,b73f1d80-3d73-487e-89b8-ab35274a8dd4,imagem,Contrabaixo solo,Apresentação solo.,/midias/contrabaixo/solo.jpg,upload,,,,performance,avancado,,"[""solo"",""contrabaixo""]",0,0,true,2025-06-16 05:28:34.120792
2019545e-4cf8-4c33-9526-f2ee19c29c10,453ca164-6f0e-4554-b008-dd68bf4586c2,imagem,Postura do Violinista,Demonstração da postura correta para tocar violino,img/violino/postura.jpg,upload,,,,,iniciante,,[],0,3,true,2026-02-13 17:57:36.711969
20309519-09d1-44ca-935d-292cac45f4e5,86f83611-c0db-470c-87e7-31ee81b1a009,imagem,Violino Stradivarius,Violino clássico de luthier famoso mostrando detalhes da madeira,img/violino/stradivarius.jpg,upload,,,,,iniciante,,[],0,1,true,2026-02-13 17:57:36.711969
20341a7b-2853-46b8-973c-acd8eeb6a906,d7c80fe1-ab43-4920-b2aa-d9b4f3ace166,imagem,Bocal com palheta,Detalhe do bocal e palheta montados,/midias/clarinete/bocal_palheta.jpg,upload,,,,tecnica,iniciante,,"[""bocal"",""palheta"",""clarinete""]",0,0,true,2025-06-15 19:19:49.258132
20421a80-8863-4034-b36b-e412fa03a0fd,412c40b6-f4fc-4379-9d6f-5ce0ec2d669d,imagem,Violoncelo frontal,Foto frontal de um violoncelo profissional.,/midias/violoncelo/frontal.jpg,upload,,,,tecnica,iniciante,,"[""violoncelo"",""estrutura""]",0,0,true,2025-06-15 19:35:06.847648
20439965-1db1-418f-9ad8-f018d631de78,3957c464-86dc-4aa2-9f09-57b5eb2a6c6a,imagem,Anatomia do Violino,Diagrama educativo das partes do violino,img/violino/anatomia.jpg,upload,,,,,iniciante,,[],0,2,true,2026-02-13 17:57:36.711969
20578991-d688-4ace-b34a-28b6d8707e7f,2abbd218-b737-410e-934b-f9c8f3d2b806,video,Técnica de Vibrato,Demonstração da técnica de vibrato no violino,https://youtube.com/watch?v=violin_vibrato,youtube,,,,tutorial,avancado,,[],0,5,true,2026-02-13 18:01:39.533249
20651ca0-93a5-4647-954f-da5aace597d0,ab9720a5-1973-484e-9a44-d4aa62594336,video,Primeiras Escalas no Piano,Escalas de Dó Maior com dedilhado correto,https://youtube.com/watch?v=escalas_piano,youtube,,,,demonstracao,iniciante,600,"[""escalas"",""dedilhado"",""iniciante""]",0,0,true,2025-06-08 15:24:29.575428
20954513-ac83-42e7-a53c-71fb643d2b92,1f8c0a22-f3fc-4f51-8938-6e1cc6e24f85,video,Técnica de Vibrato,Demonstração da técnica de vibrato no violino,https://youtube.com/watch?v=violin_vibrato,youtube,,,,tutorial,avancado,,[],0,5,true,2026-02-13 17:57:36.711969
20a4a3c3-de4e-480d-af60-314e0718d66e,87ee66bf-bb70-4e70-9aa3-4bff514ced4e,imagem,Anatomia do Violino,Diagrama educativo das partes do violino,img/violino/anatomia.jpg,upload,,,,,iniciante,,[],0,2,true,2026-02-13 18:01:39.533249
20c8be87-c66e-4747-85df-e9b629ef68c1,b7425269-f2bb-454c-8c61-e3e9d028c9b4,video,Técnica de Vibrato,Demonstração da técnica de vibrato no violino,https://youtube.com/watch?v=violin_vibrato,youtube,,,,tutorial,avancado,,[],0,5,false,2026-02-13 18:01:39.533249
20cbde49-6b27-47fc-8f6c-c42a86f17bd7,6b11dc1a-295f-4458-9c08-2bcec09ff3ec,video,Ave Maria - Schubert,Performance clássica da famosa peça,https://youtube.com/watch?v=ave_maria_violin,youtube,,,,performance,intermediario,,[],0,6,true,2026-02-13 18:01:39.533249
20d9a0ee-c756-40af-a9b0-046bb8dcd5cb,e54b748d-3b1b-48ba-b65e-ec1e476e94ad,video,Primeiros Passos no Violino,Aula básica de como segurar o violino e o arco,https://youtube.com/watch?v=violin_basics,youtube,,,,tutorial,iniciante,,[],0,4,true,2026-02-13 18:01:39.533249
2101d82a-36d6-4f8e-9340-b1338ef38911,4445b5c9-dcdf-4dd3-8ce6-bb04a22127ce,video,Violino no Jazz,Improvisação jazzística no violino,https://youtube.com/watch?v=jazz_violin,youtube,,,,performance,avancado,,[],0,7,false,2026-02-13 18:01:39.533249
211f01f4-ed39-4552-917b-9a51949c2974,df42056c-8a3e-454c-aeca-73b4d608b85c,imagem,Violino Stradivarius,Violino clássico de luthier famoso mostrando detalhes da madeira,img/violino/stradivarius.jpg,upload,,,,,iniciante,,[],0,1,true,2026-02-13 17:57:36.711969
214c3931-d266-465e-a4ba-38ff63aebb25,8ddb4eea-18b9-4b8f-bb85-16a1f5474f87,audio,Concerto Tchaikovsky (rep),Primeiro movimento do famoso concerto,audio/violino/tchaikovsky_concerto.mp3,upload,,,,,avancado,,[],0,8,true,2026-02-13 18:01:39.533249
21593cdd-548d-4308-a393-f3c31ac665de,3957c464-86dc-4aa2-9f09-57b5eb2a6c6a,imagem,Violino Stradivarius (rep),Violino clássico de luthier famoso mostrando detalhes da madeira,img/violino/stradivarius.jpg,upload,,,,,iniciante,,[],0,1,false,2026-02-13 18:01:39.533249
217809a3-a5e5-40c6-bafb-246d917a0357,e54b748d-3b1b-48ba-b65e-ec1e476e94ad,video,Violino no Jazz (rep),Improvisação jazzística no violino,https://youtube.com/watch?v=jazz_violin,youtube,,,,performance,avancado,,[],0,7,true,2026-02-13 18:01:39.533249
21805820-f8b5-48e6-b9e4-68aab8837e24,761a3318-9a5e-46f3-88f2-62159b96100c,3d,Modelo 3D Violino,Modelo tridimensional interativo do violino,models/violino_3d.glb,upload,,,,,iniciante,,[],0,10,true,2026-02-13 17:57:36.711969
21a45c2f-9a14-41b3-90fc-65ff07865f00,13912e91-7b48-4a8d-82b7-b59515c2a0d3,video,Técnica de Vibrato,Demonstração da técnica de vibrato no violino,https://youtube.com/watch?v=violin_vibrato,youtube,,,,tutorial,avancado,,[],0,5,true,2026-02-13 17:57:36.711969
21ded0b6-f800-4a0d-a65b-9b277f01b12b,4c61dc18-2b1e-48c8-8a2e-2c730679d4a5,video,Violino no Jazz (rep),Improvisação jazzística no violino,https://youtube.com/watch?v=jazz_violin,youtube,,,,performance,avancado,,[],0,7,false,2026-02-13 18:01:39.533249
21ef59cf-4baa-4566-b058-e73b09c9d1a0,82052c70-0a9d-4d94-873e-3b402e032f55,video,Ave Maria - Schubert,Performance clássica da famosa peça,https://youtube.com/watch?v=ave_maria_violin,youtube,,,,performance,intermediario,,[],0,6,false,2026-02-13 18:01:39.533249
21f884f0-326b-4550-95d6-4c679ffefc08,36040329-1aa6-428a-ad39-cd85de03493e,video,Violino no Jazz,Improvisação jazzística no violino,https://youtube.com/watch?v=jazz_violin,youtube,,,,performance,avancado,,[],0,7,true,2026-02-13 18:01:39.533249
21f965fd-71fd-4b5b-848c-1c1f94537138,4bc1c064-fa97-43f5-b6d7-d466ca66635d,video,Ave Maria - Schubert,Performance clássica da famosa peça,https://youtube.com/watch?v=ave_maria_violin,youtube,,,,performance,intermediario,,[],0,6,true,2026-02-13 17:57:36.711969
220a9e19-a695-4c80-8983-7771fc362cd1,8fbba87d-39e1-4542-b8bb-7c815fdc2b9a,imagem,Postura do Violinista (rep),Demonstração da postura correta para tocar violino,img/violino/postura.jpg,upload,,,,,iniciante,,[],0,3,true,2026-02-13 18:01:39.533249
2213156b-709f-41bf-892b-690242b26f35,f8653cdb-e2e7-479a-bfff-c8643859b866,imagem,Postura do Violinista,Demonstração da postura correta para tocar violino,img/violino/postura.jpg,upload,,,,,iniciante,,[],0,3,false,2026-02-13 18:01:39.533249
22616f6e-df87-4ec8-9c62-ac7855ffc954,0e52514e-58c3-463a-a6e4-f71a1439f9b7,video,Violino no Jazz,Improvisação jazzística no violino,https://youtube.com/watch?v=jazz_violin,youtube,,,,performance,avancado,,[],0,7,false,2026-02-13 18:01:39.533249
2270433a-dfef-41f1-946c-e01bcaa26d7a,c75fe646-ff86-4420-98f0-a0f25d39de45,imagem,Anatomia do Violino (rep),Diagrama educativo das partes do violino,img/violino/anatomia.jpg,upload,,,,,iniciante,,[],0,2,false,2026-02-13 18:01:39.533249
22876025-8aa6-4277-b898-1cf0cc86c673,e48ad87b-d237-45e4-a707-05374c4240fa,imagem,Postura do Violinista,Demonstração da postura correta para tocar violino,img/violino/postura.jpg,upload,,,,,iniciante,,[],0,3,false,2026-02-13 18:01:39.533249
22ad15e6-0a32-4679-b606-dd0f995d7eef,3e02292d-bd2f-46ed-9b9e-a0c8b0acd996,imagem,Violino Stradivarius,Violino clássico de luthier famoso mostrando detalhes da madeira,img/violino/stradivarius.jpg,upload,,,,,iniciante,,[],0,1,false,2026-02-13 18:01:39.533249
22df8c32-9033-4d66-b1bc-109540296f05,3702e3f9-bc82-42b6-ae32-c770081b3ec2,video,Violino no Jazz,Improvisação jazzística no violino,https://youtube.com/watch?v=jazz_violin,youtube,,,,performance,avancado,,[],0,7,true,2026-02-13 18:01:39.533249
22e00474-ee45-45bd-ae01-3d4cd323a6da,8ddb4eea-18b9-4b8f-bb85-16a1f5474f87,video,Violino no Jazz,Improvisação jazzística no violino,https://youtube.com/watch?v=jazz_violin,youtube,,,,performance,avancado,,[],0,7,true,2026-02-13 17:57:36.711969
22f0b9af-53c0-4b4e-b9c7-f1d304f9cd55,0b9c8c6b-0e47-471c-b83b-01c931410692,imagem,Violino Stradivarius,Violino clássico de luthier famoso mostrando detalhes da madeira,img/violino/stradivarius.jpg,upload,,,,,iniciante,,[],0,1,true,2026-02-13 17:57:36.711969
2325d617-beef-46db-b3e1-a00a51742664,1b699036-0f72-4c48-9801-e01f6f25e165,video,Ave Maria - Schubert (rep),Performance clássica da famosa peça,https://youtube.com/watch?v=ave_maria_violin,youtube,,,,performance,intermediario,,[],0,6,false,2026-02-13 18:01:39.533249
2363357a-96ab-42a4-b6bd-e5bd77d4fe52,c75fe646-ff86-4420-98f0-a0f25d39de45,imagem,Anatomia do Violino,Diagrama educativo das partes do violino,img/violino/anatomia.jpg,upload,,,,,iniciante,,[],0,2,true,2026-02-13 18:01:39.533249
23a42129-40ff-4650-8476-284317cb1f13,f8653cdb-e2e7-479a-bfff-c8643859b866,video,Primeiros Passos no Violino,Aula básica de como segurar o violino e o arco,https://youtube.com/watch?v=violin_basics,youtube,,,,tutorial,iniciante,,[],0,4,false,2026-02-13 18:01:39.533249
23bc958d-da41-4f99-b9bf-741c6cace49d,36b9d36d-f65b-4ba1-89be-4ab3707e874c,video,Expressão musical,Expressividade no fagote.,https://www.youtube.com/watch?v=fagote10,youtube,,,,tecnica,intermediario,240,"[""expressao"",""fagote""]",0,0,true,2025-06-20 02:48:24.932103
24019b1b-d118-491d-9f2f-1b6544aa75ee,e54b748d-3b1b-48ba-b65e-ec1e476e94ad,video,Primeiros Passos no Violino,Aula básica de como segurar o violino e o arco,https://youtube.com/watch?v=violin_basics,youtube,,,,tutorial,iniciante,,[],0,4,false,2026-02-13 18:01:39.533249
240ec68f-bfa3-4a5d-9cfb-6bdd9fa74b35,509d6a26-159a-4976-aa46-83f914f930aa,video,Técnica de Vibrato,Demonstração da técnica de vibrato no violino,https://youtube.com/watch?v=violin_vibrato,youtube,,,,tutorial,avancado,,[],0,5,false,2026-02-13 18:01:39.533249
241b5694-7cb3-43de-a5a2-18725060f7bb,32705505-7727-4d27-b7bd-b08e7c90c233,audio,Capricho Paganini (rep),Capricho nº 24 de Paganini,audio/violino/paganini_caprice.mp3,upload,,,,,avancado,,[],0,9,false,2026-02-13 18:01:39.533249
2430664b-b009-48a6-b15b-9b45ed5188af,df49fd27-9bcd-4462-a0f8-b36f0ff9f97f,video,Sweet Child O Mine - Solo,Performance icônica do solo do Guns N Roses,https://youtube.com/watch?v=sweet_child_solo,youtube,,,,performance,avancado,,[],0,6,true,2025-06-09 04:29:36.307529
2433a15f-5f63-4051-b12e-0a7dd20d9beb,11a7bc0c-232f-40dc-92ac-4d15aebd2d52,video,Primeiros Passos no Violino (rep),Aula básica de como segurar o violino e o arco,https://youtube.com/watch?v=violin_basics,youtube,,,,tutorial,iniciante,,[],0,4,false,2026-02-13 18:01:39.533249
243c10a5-bf95-4bc6-9461-8ec42e98e282,509d6a26-159a-4976-aa46-83f914f930aa,audio,Concerto Tchaikovsky,Primeiro movimento do famoso concerto,audio/violino/tchaikovsky_concerto.mp3,upload,,,,,avancado,,[],0,8,true,2026-02-13 18:01:39.533249
2446b260-fb7c-476c-9fb4-3689ade1dd02,82052c70-0a9d-4d94-873e-3b402e032f55,imagem,Postura do Violinista (rep),Demonstração da postura correta para tocar violino,img/violino/postura.jpg,upload,,,,,iniciante,,[],0,3,true,2026-02-13 18:01:39.533249
247109eb-ff71-4e86-9ebd-7d9f6af00dd4,64b94e98-6ad2-4e7f-9aa0-b57f6bb58df1,video,Ave Maria - Schubert,Performance clássica da famosa peça,https://youtube.com/watch?v=ave_maria_violin,youtube,,,,performance,intermediario,,[],0,6,false,2026-02-13 18:01:39.533249
24bb3453-700a-46a4-8305-b095a8554dc1,e48ad87b-d237-45e4-a707-05374c4240fa,video,Primeiros Passos no Violino (rep),Aula básica de como segurar o violino e o arco,https://youtube.com/watch?v=violin_basics,youtube,,,,tutorial,iniciante,,[],0,4,true,2026-02-13 18:01:39.533249
24d55acd-0649-4f06-b98c-ad863094de69,ab9720a5-1973-484e-9a44-d4aa62594336,3d,Modelo 3D Piano de Cauda,Exploração interativa de todas as partes do piano,/models/piano_3d.obj,upload,,,,demonstracao,iniciante,,"[""3d"",""interativo"",""anatomia""]",0,0,true,2025-06-08 18:57:54.942465
24e08d81-35d5-4b6f-9a8b-b5b01887de6e,1b699036-0f72-4c48-9801-e01f6f25e165,imagem,Anatomia do Violino,Diagrama educativo das partes do violino,img/violino/anatomia.jpg,upload,,,,,iniciante,,[],0,2,true,2026-02-13 18:01:39.533249
24e1b183-1d6f-492f-b626-07b873ce9713,6925f61b-ba48-473a-b69a-e3548036c1df,3d,Modelo 3D Violino (rep),Modelo tridimensional interativo do violino,models/violino_3d.glb,upload,,,,,iniciante,,[],0,10,true,2026-02-13 18:01:39.533249
24e36d14-5bff-482d-9603-3f44eca6623a,35da6877-2528-4f37-9ab4-b44893ad1dbf,imagem,Violino Stradivarius,Violino clássico de luthier famoso mostrando detalhes da madeira,img/violino/stradivarius.jpg,upload,,,,,iniciante,,[],0,1,false,2026-02-13 18:01:39.533249
2507ea25-cf22-4a33-aebb-a0c35ef0a926,57d10b2f-c49f-460d-8fab-3da3065c15c2,imagem,Violino Stradivarius,Violino clássico de luthier famoso mostrando detalhes da madeira,img/violino/stradivarius.jpg,upload,,,,,iniciante,,[],0,1,false,2026-02-13 18:01:39.533249
2522fb88-f30a-4d79-93e8-0727010a7490,ee709f67-e4e4-4f9c-9001-7574e4d8dfa0,video,Primeiros Passos no Violino,Aula básica de como segurar o violino e o arco,https://youtube.com/watch?v=violin_basics,youtube,,,,tutorial,iniciante,,[],0,4,false,2026-02-13 18:01:39.533249
253ba517-8d31-47c5-bcb6-7768fcb57c2e,509d6a26-159a-4976-aa46-83f914f930aa,imagem,Partes do trompete,Imagem com partes identificadas.,/midias/trompete/partes.jpg,upload,,,,tecnica,iniciante,,"[""anatomia"",""trompete""]",0,0,true,2025-06-16 04:03:06.911381
254fca37-2b16-4066-b3d4-0128dcbed0b4,fb125188-c48e-4d89-a46e-11c3b600dabd,imagem,Postura do Violinista,Demonstração da postura correta para tocar violino,img/violino/postura.jpg,upload,,,,,iniciante,,[],0,3,true,2026-02-13 18:01:39.533249
255b038f-5e93-41d5-840a-5f0b8737248c,6925f61b-ba48-473a-b69a-e3548036c1df,video,Primeiros Passos no Violino (rep),Aula básica de como segurar o violino e o arco,https://youtube.com/watch?v=violin_basics,youtube,,,,tutorial,iniciante,,[],0,4,true,2026-02-13 18:01:39.533249
255cbbb1-1928-494c-9d21-6cd4c62621f8,df168c2e-275a-44ed-9ee7-af356bf724e5,video,Primeiros Passos no Violino,Aula básica de como segurar o violino e o arco,https://youtube.com/watch?v=violin_basics,youtube,,,,tutorial,iniciante,,[],0,4,true,2026-02-13 18:01:39.533249
2564a92e-d7da-4752-ad2d-734f5df195f1,e54b748d-3b1b-48ba-b65e-ec1e476e94ad,audio,Concerto Tchaikovsky,Primeiro movimento do famoso concerto,audio/violino/tchaikovsky_concerto.mp3,upload,,,,,avancado,,[],0,8,true,2026-02-13 18:01:39.533249
2571bb4b-b992-4d5f-9486-d58220483f2e,80436b4f-15c1-452f-9442-34e42b5117e4,video,Ave Maria - Schubert,Performance clássica da famosa peça,https://youtube.com/watch?v=ave_maria_violin,youtube,,,,performance,intermediario,,[],0,6,true,2026-02-13 17:57:36.711969
259bb0e1-fae6-45d1-bf38-511d0f7573c7,ab9720a5-1973-484e-9a44-d4aa62594336,video,Postura Correta no Piano,Como sentar e posicionar mãos e braços,https://youtube.com/watch?v=postura_piano,youtube,,,,tecnica,iniciante,420,"[""postura"",""tecnica"",""basico""]",0,0,true,2025-06-08 15:24:29.575428
25a40087-4141-4474-b5be-ef626eeba8e3,36040329-1aa6-428a-ad39-cd85de03493e,video,Ave Maria - Schubert,Performance clássica da famosa peça,https://youtube.com/watch?v=ave_maria_violin,youtube,,,,performance,intermediario,,[],0,6,false,2026-02-13 18:01:39.533249
25c01efc-7d0d-4580-bafa-87550e8e166c,64b94e98-6ad2-4e7f-9aa0-b57f6bb58df1,video,Técnica de Vibrato,Demonstração da técnica de vibrato no violino,https://youtube.com/watch?v=violin_vibrato,youtube,,,,tutorial,avancado,,[],0,5,true,2026-02-13 17:57:36.711969
25dead26-e0f8-4556-9b2e-f99bb8c45bfe,6b11dc1a-295f-4458-9c08-2bcec09ff3ec,video,Primeiros Passos no Violino (rep),Aula básica de como segurar o violino e o arco,https://youtube.com/watch?v=violin_basics,youtube,,,,tutorial,iniciante,,[],0,4,false,2026-02-13 18:01:39.533249
25fdc1d0-4a62-44f6-b834-79d22f0d3b13,509d6a26-159a-4976-aa46-83f914f930aa,audio,Capricho Paganini,Capricho nº 24 de Paganini,audio/violino/paganini_caprice.mp3,upload,,,,,avancado,,[],0,9,true,2026-02-13 18:01:39.533249
2607b01d-334f-4d7a-9204-cdda6e4c4e05,2abbd218-b737-410e-934b-f9c8f3d2b806,video,Ave Maria - Schubert,Performance clássica da famosa peça,https://youtube.com/watch?v=ave_maria_violin,youtube,,,,performance,intermediario,,[],0,6,false,2026-02-13 18:01:39.533249
260bc07e-a964-4bef-9811-a2de53a60202,b73f1d80-3d73-487e-89b8-ab35274a8dd4,video,Improviso ao vivo,Improviso no contrabaixo.,https://www.youtube.com/watch?v=contrabaixo9,youtube,,,,performance,avancado,300,"[""improviso"",""contrabaixo""]",0,0,true,2025-06-16 05:28:34.120792
260dd6a4-d342-4613-997b-aef067cbe923,36040329-1aa6-428a-ad39-cd85de03493e,imagem,Postura do Violinista,Demonstração da postura correta para tocar violino,img/violino/postura.jpg,upload,,,,,iniciante,,[],0,3,false,2026-02-13 18:01:39.533249
26248281-6283-42d6-984e-ab8972691f5d,64b94e98-6ad2-4e7f-9aa0-b57f6bb58df1,audio,Concerto Tchaikovsky,Primeiro movimento do famoso concerto,audio/violino/tchaikovsky_concerto.mp3,upload,,,,,avancado,,[],0,8,false,2026-02-13 18:01:39.533249
262d4e2b-29b3-479c-9e04-9272ceb1b50c,7b6ae164-dfdf-452d-a5c3-d01554861444,imagem,Violino Stradivarius,Violino clássico de luthier famoso mostrando detalhes da madeira,img/violino/stradivarius.jpg,upload,,,,,iniciante,,[],0,1,true,2026-02-13 18:01:39.533249
26310b2c-1698-48ce-b88d-75541ac7adbd,57d10b2f-c49f-460d-8fab-3da3065c15c2,imagem,Postura do Violinista,Demonstração da postura correta para tocar violino,img/violino/postura.jpg,upload,,,,,iniciante,,[],0,3,false,2026-02-13 18:01:39.533249
26409d92-5dfe-4e48-81f7-0298e02dfe1a,750450cf-e14e-4f02-944e-b3c1bb0f87a4,video,Técnica de Vibrato,Demonstração da técnica de vibrato no violino,https://youtube.com/watch?v=violin_vibrato,youtube,,,,tutorial,avancado,,[],0,5,false,2026-02-13 18:01:39.533249
264f8da9-dfb2-4f42-ab0d-7cad2efdf55c,df42056c-8a3e-454c-aeca-73b4d608b85c,imagem,Postura do Violinista,Demonstração da postura correta para tocar violino,img/violino/postura.jpg,upload,,,,,iniciante,,[],0,3,false,2026-02-13 18:01:39.533249
2667ed9f-496f-4fb8-9819-128bf017acb4,80436b4f-15c1-452f-9442-34e42b5117e4,video,Técnica de Vibrato (rep),Demonstração da técnica de vibrato no violino,https://youtube.com/watch?v=violin_vibrato,youtube,,,,tutorial,avancado,,[],0,5,true,2026-02-13 18:01:31.997858
26797b0c-7a2e-40e6-8ea1-b3dbcbff9b56,6b11dc1a-295f-4458-9c08-2bcec09ff3ec,imagem,Violino Stradivarius,Violino clássico de luthier famoso mostrando detalhes da madeira,img/violino/stradivarius.jpg,upload,,,,,iniciante,,[],0,1,true,2026-02-13 18:01:39.533249
2682b4f3-01b0-4b7e-8cff-73bd869498a6,cca87ab1-8ad4-4876-a8d8-190f85927952,video,Ave Maria - Schubert,Performance clássica da famosa peça,https://youtube.com/watch?v=ave_maria_violin,youtube,,,,performance,intermediario,,[],0,6,false,2026-02-13 18:01:39.533249
26a66166-3147-417c-b8a8-aa2f524511e0,86f83611-c0db-470c-87e7-31ee81b1a009,audio,Capricho Paganini,Capricho nº 24 de Paganini,audio/violino/paganini_caprice.mp3,upload,,,,,avancado,,[],0,9,false,2026-02-13 18:01:39.533249
26ba8b92-7c18-4be3-adea-ec793a485902,3702e3f9-bc82-42b6-ae32-c770081b3ec2,audio,Capricho Paganini,Capricho nº 24 de Paganini,audio/violino/paganini_caprice.mp3,upload,,,,,avancado,,[],0,9,true,2026-02-13 17:57:36.711969
26e56c72-2a6b-40b7-9423-70464f8f0ca7,f8653cdb-e2e7-479a-bfff-c8643859b866,video,Violino no Jazz,Improvisação jazzística no violino,https://youtube.com/watch?v=jazz_violin,youtube,,,,performance,avancado,,[],0,7,true,2026-02-13 18:01:39.533249
26e62e8b-df83-4bfd-9404-e107a6128f8a,794f42a6-619a-4ca3-8f1b-c3ac7a9e7a08,audio,Solo,Trecho solo.,/midias/flauta/solo.mp3,upload,,,,performance,avancado,180,"[""solo"",""flauta""]",0,0,true,2025-06-15 19:42:58.828009
26ef3e1d-513e-4fb4-9e0f-3dc722903a50,761a3318-9a5e-46f3-88f2-62159b96100c,imagem,Postura do Violinista,Demonstração da postura correta para tocar violino,img/violino/postura.jpg,upload,,,,,iniciante,,[],0,3,false,2026-02-13 18:01:39.533249
26f02ac7-d57c-4a07-b4f3-fb8679fcce36,26cadf44-6d7b-4f9b-85d6-6b2c40715f45,video,Glissando,Demonstração de glissando.,https://www.youtube.com/watch?v=saxofone5,youtube,,,,tecnica,intermediario,180,"[""glissando"",""saxofone""]",0,0,true,2025-06-16 00:56:26.375072
2736dead-b180-4016-9eea-4174d3da0f9e,453ca164-6f0e-4554-b008-dd68bf4586c2,audio,Capricho Paganini,Capricho nº 24 de Paganini,audio/violino/paganini_caprice.mp3,upload,,,,,avancado,,[],0,9,true,2026-02-13 18:01:39.533249
27433653-f82f-4cb5-881e-f6248b4bf858,ab9720a5-1973-484e-9a44-d4aa62594336,audio,Acordes Básicos Progressão,Sequência I-vi-IV-V em Dó Maior,/audio/piano/progressao_acordes.mp3,upload,,,,demonstracao,iniciante,60,"[""acordes"",""progressao"",""harmonia""]",0,0,true,2025-06-08 15:24:29.575428
27758c8b-ffce-4c18-bef7-2c924b824a88,56f643e0-a3e2-4067-84ac-334c454426f8,video,Violino no Jazz,Improvisação jazzística no violino,https://youtube.com/watch?v=jazz_violin,youtube,,,,performance,avancado,,[],0,7,true,2026-02-13 18:01:39.533249
279aa594-63d2-4cd5-a1a8-841f60cbc7b1,13912e91-7b48-4a8d-82b7-b59515c2a0d3,audio,Concerto Tchaikovsky (rep),Primeiro movimento do famoso concerto,audio/violino/tchaikovsky_concerto.mp3,upload,,,,,avancado,,[],0,8,false,2026-02-13 18:01:39.533249
27a41613-c6f5-455c-96a6-5d3e39a6013f,f8653cdb-e2e7-479a-bfff-c8643859b866,video,Primeiros Passos no Violino,Aula básica de como segurar o violino e o arco,https://youtube.com/watch?v=violin_basics,youtube,,,,tutorial,iniciante,,[],0,4,true,2026-02-13 17:57:36.711969
27aa1ec9-4083-4559-9ddd-9cccafb9fb44,87ee66bf-bb70-4e70-9aa3-4bff514ced4e,imagem,Violino Stradivarius,Violino clássico de luthier famoso mostrando detalhes da madeira,img/violino/stradivarius.jpg,upload,,,,,iniciante,,[],0,1,true,2026-02-13 18:01:39.533249
27cb1238-c5aa-4aa0-b8e5-6fb9202f447b,e48ad87b-d237-45e4-a707-05374c4240fa,imagem,Violino Stradivarius,Violino clássico de luthier famoso mostrando detalhes da madeira,img/violino/stradivarius.jpg,upload,,,,,iniciante,,[],0,1,false,2026-02-13 18:01:39.533249
27f3c94e-6f87-4cdd-9b22-f5b4b1663b63,8bd473f1-7b35-4b9e-869a-17fb73c6e047,video,Solo de teclado,Apresentação solo.,https://www.youtube.com/watch?v=teclado9,youtube,,,,performance,avancado,300,"[""solo"",""teclado""]",0,0,true,2025-06-15 20:36:24.121938
28016e5d-3570-473d-9d05-f1afa0732f16,9edff4db-9ef5-43fc-970a-7d2086de223b,imagem,Violino Stradivarius (rep),Violino clássico de luthier famoso mostrando detalhes da madeira,img/violino/stradivarius.jpg,upload,,,,,iniciante,,[],0,1,true,2026-02-13 18:01:39.533249
2866c9d0-190e-4b03-9c08-e0df6427a5e1,26cadf44-6d7b-4f9b-85d6-6b2c40715f45,imagem,Bocal,Detalhe do bocal.,/midias/saxofone/bocal.jpg,upload,,,,tecnica,iniciante,,"[""bocal"",""saxofone""]",0,0,true,2025-06-16 00:56:26.375072
286f001f-cccf-426c-aa8d-414083d31cb9,4bc1c064-fa97-43f5-b6d7-d466ca66635d,audio,Capricho Paganini,Capricho nº 24 de Paganini,audio/violino/paganini_caprice.mp3,upload,,,,,avancado,,[],0,9,true,2026-02-13 17:57:36.711969
287adfaf-02ed-493a-93bc-da99e970b8df,7b6ae164-dfdf-452d-a5c3-d01554861444,imagem,Anatomia do Violino (rep),Diagrama educativo das partes do violino,img/violino/anatomia.jpg,upload,,,,,iniciante,,[],0,2,false,2026-02-13 18:01:39.533249
28919618-d777-4d07-a429-1bda15546a48,8ddb4eea-18b9-4b8f-bb85-16a1f5474f87,3d,Modelo 3D Violino,Modelo tridimensional interativo do violino,models/violino_3d.glb,upload,,,,,iniciante,,[],0,10,true,2026-02-13 18:01:39.533249
28c3a2ed-3e39-4284-af3e-af76360d7d45,11a7bc0c-232f-40dc-92ac-4d15aebd2d52,audio,Capricho Paganini,Capricho nº 24 de Paganini,audio/violino/paganini_caprice.mp3,upload,,,,,avancado,,[],0,9,true,2026-02-13 18:01:39.533249
2916e1a7-32f4-4906-93e7-b57fbd3639e6,36040329-1aa6-428a-ad39-cd85de03493e,audio,Capricho Paganini,Capricho nº 24 de Paganini,audio/violino/paganini_caprice.mp3,upload,,,,,avancado,,[],0,9,true,2026-02-13 18:01:39.533249
2922fd68-1cf4-4015-8bb1-597ba664cb99,8fbba87d-39e1-4542-b8bb-7c815fdc2b9a,audio,Capricho Paganini,Capricho nº 24 de Paganini,audio/violino/paganini_caprice.mp3,upload,,,,,avancado,,[],0,9,true,2026-02-13 18:01:39.533249
2923c60e-5185-459f-a3d5-d45b473f0522,750450cf-e14e-4f02-944e-b3c1bb0f87a4,imagem,Postura do Violinista,Demonstração da postura correta para tocar violino,img/violino/postura.jpg,upload,,,,,iniciante,,[],0,3,false,2026-02-13 18:01:39.533249
29291b69-8b6c-4705-9f20-94193ecefc9c,fb125188-c48e-4d89-a46e-11c3b600dabd,imagem,Postura do Violinista,Demonstração da postura correta para tocar violino,img/violino/postura.jpg,upload,,,,,iniciante,,[],0,3,true,2026-02-13 18:01:39.533249
293f686b-2bc2-4673-a3eb-7adf9aeab358,26cadf44-6d7b-4f9b-85d6-6b2c40715f45,audio,Glissando,Execução glissando.,/midias/saxofone/glissando.mp3,upload,,,,tecnica,intermediario,60,"[""glissando"",""saxofone""]",0,0,false,2025-06-16 00:57:47.581967
294b08e2-02f7-4114-9ab6-bbbb3e380f4b,32705505-7727-4d27-b7bd-b08e7c90c233,imagem,Anatomia do Violino,Diagrama educativo das partes do violino,img/violino/anatomia.jpg,upload,,,,,iniciante,,[],0,2,true,2026-02-13 18:01:39.533249
295c967a-b916-4c54-8af3-bae5795b44d6,b7425269-f2bb-454c-8c61-e3e9d028c9b4,imagem,Anatomia do Violino,Diagrama educativo das partes do violino,img/violino/anatomia.jpg,upload,,,,,iniciante,,[],0,2,true,2026-02-13 17:57:36.711969
29841704-61bf-468d-89b2-cd9e63964e1d,6925f61b-ba48-473a-b69a-e3548036c1df,audio,Capricho Paganini,Capricho nº 24 de Paganini,audio/violino/paganini_caprice.mp3,upload,,,,,avancado,,[],0,9,true,2026-02-13 18:01:39.533249
29e9ea73-8d16-46aa-bb81-1c60b1c6d8c9,b7425269-f2bb-454c-8c61-e3e9d028c9b4,video,Ave Maria - Schubert,Performance clássica da famosa peça,https://youtube.com/watch?v=ave_maria_violin,youtube,,,,performance,intermediario,,[],0,6,true,2026-02-13 18:01:39.533249
2a0eeae0-0820-4d9b-8e75-302e994bf939,9b42a23b-ac7f-42e1-8a04-bde4c525fbde,imagem,Oboé frontal,Foto do oboé completo.,/midias/oboe/frontal.jpg,upload,,,,tecnica,iniciante,,"[""oboe"",""estrutura""]",0,0,true,2025-06-20 05:15:55.927047
2a188bb9-3652-4f75-bf02-ba5a5a171583,453ca164-6f0e-4554-b008-dd68bf4586c2,audio,Concerto Tchaikovsky (rep),Primeiro movimento do famoso concerto,audio/violino/tchaikovsky_concerto.mp3,upload,,,,,avancado,,[],0,8,true,2026-02-13 18:01:39.533249
2a301b33-aab9-4b50-a2dc-6d9734f274fc,8bd473f1-7b35-4b9e-869a-17fb73c6e047,imagem,Teclado solo,Teclado em apresentação solo.,/midias/teclado/solo.jpg,upload,,,,performance,avancado,,"[""solo"",""teclado""]",0,0,true,2025-06-15 20:36:24.121938
2a372ac9-afce-499a-896f-8101f59c7b5c,32705505-7727-4d27-b7bd-b08e7c90c233,audio,Concerto Tchaikovsky (rep),Primeiro movimento do famoso concerto,audio/violino/tchaikovsky_concerto.mp3,upload,,,,,avancado,,[],0,8,false,2026-02-13 18:01:39.533249
2a47780c-65cc-4cd7-9d24-1c45456a176a,d7c80fe1-ab43-4920-b2aa-d9b4f3ace166,imagem,Clarinetes antigos,Instrumentos históricos lado a lado,/midias/clarinete/antigos.jpg,upload,,,,historia,avancado,,"[""historia"",""clarinete""]",0,0,true,2025-06-15 19:19:49.258132
2a60fc75-7b80-4496-8ed6-983e0f168ea2,d7c80fe1-ab43-4920-b2aa-d9b4f3ace166,imagem,Clarinete frontal,Foto frontal de clarinete profissional,/midias/clarinete/frontal.jpg,upload,,,,tecnica,iniciante,,"[""clarinete"",""estrutura""]",0,0,true,2025-06-15 19:19:49.258132
2a692eff-bbc2-4f5c-999c-ff0fe7fd8534,63ebeaeb-be5d-4c26-a5cf-f59b71423401,audio,Capricho Paganini,Capricho nº 24 de Paganini,audio/violino/paganini_caprice.mp3,upload,,,,,avancado,,[],0,9,true,2026-02-13 18:01:39.533249
2a85df30-53fa-48b0-b75e-e8d6353b7cf8,d7c80fe1-ab43-4920-b2aa-d9b4f3ace166,audio,Escala de Dó maior,Execução da escala de Dó maior no clarinete,/midias/clarinete/escala_do.mp3,upload,,,,tecnica,iniciante,60,"[""escala"",""clarinete""]",0,0,true,2025-06-15 19:10:08.503614
2ab3d623-f183-4181-9db4-2659af7ac001,794f42a6-619a-4ca3-8f1b-c3ac7a9e7a08,video,Solo de flauta,Apresentação solo.,https://www.youtube.com/watch?v=flauta10,youtube,,,,performance,avancado,300,"[""solo"",""flauta""]",0,0,true,2025-06-15 19:42:58.828009
2afe1927-9f74-4175-9029-d967f63f43fc,9a5e0eac-114e-4173-90af-32b55c870675,video,Primeiros Passos no Violino,Aula básica de como segurar o violino e o arco,https://youtube.com/watch?v=violin_basics,youtube,,,,tutorial,iniciante,,[],0,4,true,2026-02-13 17:57:36.711969
2b12a812-6d66-4b70-89f6-dddfa656312f,80436b4f-15c1-452f-9442-34e42b5117e4,audio,Concerto Tchaikovsky,Primeiro movimento do famoso concerto,audio/violino/tchaikovsky_concerto.mp3,upload,,,,,avancado,,[],0,8,true,2026-02-13 17:57:36.711969
2b1c4f5b-4fb9-4491-b54c-a87e252e88bd,35da6877-2528-4f37-9ab4-b44893ad1dbf,audio,Capricho Paganini,Capricho nº 24 de Paganini,audio/violino/paganini_caprice.mp3,upload,,,,,avancado,,[],0,9,true,2026-02-13 17:57:36.711969
2b21ffc7-b65f-4642-b4c9-6f094d758c50,4bc1c064-fa97-43f5-b6d7-d466ca66635d,video,Primeiros Passos no Violino,Aula básica de como segurar o violino e o arco,https://youtube.com/watch?v=violin_basics,youtube,,,,tutorial,iniciante,,[],0,4,true,2026-02-13 18:01:39.533249
2b366c94-e329-47cb-af8f-a8f4f11a1690,750450cf-e14e-4f02-944e-b3c1bb0f87a4,video,Primeiros Passos no Violino (rep),Aula básica de como segurar o violino e o arco,https://youtube.com/watch?v=violin_basics,youtube,,,,tutorial,iniciante,,[],0,4,true,2026-02-13 18:01:39.533249
2b4d13d8-b0c9-4c69-ae07-4f604483df36,96b547b5-e685-40f8-952c-9dfce2ad4dc6,video,Ave Maria - Schubert,Performance clássica da famosa peça,https://youtube.com/watch?v=ave_maria_violin,youtube,,,,performance,intermediario,,[],0,6,true,2026-02-13 18:01:39.533249
2b78d8c8-5809-4fad-a084-22984fed3c5c,35aff373-706c-47d8-8004-d8edcddb1e0c,audio,Groove funk,Exemplo groove.,/midias/baixo/groove.mp3,upload,,,,tecnica,intermediario,60,"[""groove"",""baixo""]",0,0,true,2025-06-16 04:38:10.049188
2b9bbbc6-63bc-4871-88ce-b172a9adeebf,3957c464-86dc-4aa2-9f09-57b5eb2a6c6a,imagem,Postura do Violinista,Demonstração da postura correta para tocar violino,img/violino/postura.jpg,upload,,,,,iniciante,,[],0,3,true,2026-02-13 18:01:39.533249
2bb12a63-5340-4559-9186-f8f0333c6f4f,56f643e0-a3e2-4067-84ac-334c454426f8,3d,Modelo 3D Violino (rep),Modelo tridimensional interativo do violino,models/violino_3d.glb,upload,,,,,iniciante,,[],0,10,false,2026-02-13 18:01:39.533249
2bfc9acd-3edb-4041-9d1a-27c148ca239e,6925f61b-ba48-473a-b69a-e3548036c1df,audio,Concerto Tchaikovsky,Primeiro movimento do famoso concerto,audio/violino/tchaikovsky_concerto.mp3,upload,,,,,avancado,,[],0,8,false,2026-02-13 18:01:39.533249
2c0dd846-6838-4bd3-9a5f-8627bba959e3,4c61dc18-2b1e-48c8-8a2e-2c730679d4a5,imagem,Postura do Violinista,Demonstração da postura correta para tocar violino,img/violino/postura.jpg,upload,,,,,iniciante,,[],0,3,true,2026-02-13 18:01:39.533249
2c296cd9-3e1d-42dc-a5c7-4668c34bbcd0,0e52514e-58c3-463a-a6e4-f71a1439f9b7,video,Ave Maria - Schubert,Performance clássica da famosa peça,https://youtube.com/watch?v=ave_maria_violin,youtube,,,,performance,intermediario,,[],0,6,false,2026-02-13 18:01:39.533249
2c34ae76-9435-4986-96f1-7651b1016bd0,e48ad87b-d237-45e4-a707-05374c4240fa,video,Ave Maria - Schubert,Performance clássica da famosa peça,https://youtube.com/watch?v=ave_maria_violin,youtube,,,,performance,intermediario,,[],0,6,true,2026-02-13 18:01:39.533249
2c3d8ea6-4c29-4b0d-a19e-e020fb9b1205,c75fe646-ff86-4420-98f0-a0f25d39de45,video,Técnica de Vibrato,Demonstração da técnica de vibrato no violino,https://youtube.com/watch?v=violin_vibrato,youtube,,,,tutorial,avancado,,[],0,5,true,2026-02-13 18:01:39.533249
2c45c8dc-b616-46f3-92e6-80c3f63966a5,4bc1c064-fa97-43f5-b6d7-d466ca66635d,video,Violino no Jazz,Improvisação jazzística no violino,https://youtube.com/watch?v=jazz_violin,youtube,,,,performance,avancado,,[],0,7,false,2026-02-13 18:01:39.533249
2c6f0e0a-dd76-4219-a4f9-93627fdbfeee,34f9e29b-3d22-464a-b31c-c3f4fbb73328,video,Violino no Jazz,Improvisação jazzística no violino,https://youtube.com/watch?v=jazz_violin,youtube,,,,performance,avancado,,[],0,7,true,2026-02-13 17:57:36.711969
2c707682-469c-4d32-9335-1351ef5cd6bf,f8653cdb-e2e7-479a-bfff-c8643859b866,imagem,Postura do Violinista,Demonstração da postura correta para tocar violino,img/violino/postura.jpg,upload,,,,,iniciante,,[],0,3,true,2026-02-13 18:01:39.533249
2c746e49-3ad6-43a8-a345-9ef3767a3c89,6b11dc1a-295f-4458-9c08-2bcec09ff3ec,3d,Modelo 3D Violino,Modelo tridimensional interativo do violino,models/violino_3d.glb,upload,,,,,iniciante,,[],0,10,true,2026-02-13 18:01:39.533249
2c77c63f-8874-49cc-8e29-ecd963bb5f8f,96b547b5-e685-40f8-952c-9dfce2ad4dc6,3d,Modelo 3D Violino,Modelo tridimensional interativo do violino,models/violino_3d.glb,upload,,,,,iniciante,,[],0,10,true,2026-02-13 18:01:39.533249
2c9cd4e7-66a2-4513-82c3-6a3dc29a0e26,df49fd27-9bcd-4462-a0f8-b36f0ff9f97f,imagem,Fender Stratocaster Clássica,Guitarra icônica que revolucionou a música moderna,img/guitarra/stratocaster.jpg,upload,,,,,iniciante,,[],0,1,true,2025-06-09 04:27:22.284765
2cba2eb3-4015-49b1-a696-e64003ca6f5f,86f83611-c0db-470c-87e7-31ee81b1a009,video,Ave Maria - Schubert,Performance clássica da famosa peça,https://youtube.com/watch?v=ave_maria_violin,youtube,,,,performance,intermediario,,[],0,6,false,2026-02-13 18:01:39.533249
2cbd06fa-61cf-4fbc-9aea-ede1e7dac1bd,4bc1c064-fa97-43f5-b6d7-d466ca66635d,imagem,Anatomia do Violino,Diagrama educativo das partes do violino,img/violino/anatomia.jpg,upload,,,,,iniciante,,[],0,2,false,2026-02-13 18:01:39.533249
2cc0c35b-bd5c-4bae-b7be-430b14105b59,509d6a26-159a-4976-aa46-83f914f930aa,audio,Capricho Paganini,Capricho nº 24 de Paganini,audio/violino/paganini_caprice.mp3,upload,,,,,avancado,,[],0,9,true,2026-02-13 17:57:36.711969
2cd000b6-1bd8-49ce-b7ba-00f134c40d9c,df42056c-8a3e-454c-aeca-73b4d608b85c,imagem,Anatomia do Violino,Diagrama educativo das partes do violino,img/violino/anatomia.jpg,upload,,,,,iniciante,,[],0,2,false,2026-02-13 18:01:39.533249
2ce32e5e-a501-45b2-b949-b722b7c9f3b6,9a5e0eac-114e-4173-90af-32b55c870675,audio,Concerto Tchaikovsky,Primeiro movimento do famoso concerto,audio/violino/tchaikovsky_concerto.mp3,upload,,,,,avancado,,[],0,8,true,2026-02-13 17:57:36.711969
2cf3a122-48bb-42f9-b6f1-8394a302adf8,80436b4f-15c1-452f-9442-34e42b5117e4,video,Primeiros Passos no Violino (rep),Aula básica de como segurar o violino e o arco,https://youtube.com/watch?v=violin_basics,youtube,,,,tutorial,iniciante,,[],0,4,true,2026-02-13 18:01:31.997858
2d0cd9ec-22d9-4fc3-ac08-4037d7db81f5,c75fe646-ff86-4420-98f0-a0f25d39de45,imagem,Postura do Violinista (rep),Demonstração da postura correta para tocar violino,img/violino/postura.jpg,upload,,,,,iniciante,,[],0,3,false,2026-02-13 18:01:39.533249
2d507463-029a-4890-b469-9f88639f4e33,fb125188-c48e-4d89-a46e-11c3b600dabd,video,Técnica de Vibrato,Demonstração da técnica de vibrato no violino,https://youtube.com/watch?v=violin_vibrato,youtube,,,,tutorial,avancado,,[],0,5,true,2026-02-13 17:57:36.711969
2d5b737f-e5a9-4185-9f80-45cb01d46a0a,1b699036-0f72-4c48-9801-e01f6f25e165,imagem,Violino Stradivarius,Violino clássico de luthier famoso mostrando detalhes da madeira,img/violino/stradivarius.jpg,upload,,,,,iniciante,,[],0,1,true,2026-02-13 17:57:36.711969
2d607d41-f06d-4188-8144-16d29fcf17f8,ee709f67-e4e4-4f9c-9001-7574e4d8dfa0,imagem,Violino Stradivarius,Violino clássico de luthier famoso mostrando detalhes da madeira,img/violino/stradivarius.jpg,upload,,,,,iniciante,,[],0,1,false,2026-02-13 18:01:39.533249
2d7b2891-258d-426d-8736-5fd1f0e56477,80436b4f-15c1-452f-9442-34e42b5117e4,imagem,Violino Stradivarius,Violino clássico de luthier famoso mostrando detalhes da madeira,img/violino/stradivarius.jpg,upload,,,,,iniciante,,[],0,1,true,2025-06-09 03:41:34.794455
2d9ca1b4-60cc-42a0-9535-34ae1ac36fa3,3957c464-86dc-4aa2-9f09-57b5eb2a6c6a,video,Primeiros Passos no Violino (rep),Aula básica de como segurar o violino e o arco,https://youtube.com/watch?v=violin_basics,youtube,,,,tutorial,iniciante,,[],0,4,false,2026-02-13 18:01:39.533249
2dc76f4b-21a8-4772-a89b-79587e14cd82,56f643e0-a3e2-4067-84ac-334c454426f8,imagem,Violino Stradivarius,Violino clássico de luthier famoso mostrando detalhes da madeira,img/violino/stradivarius.jpg,upload,,,,,iniciante,,[],0,1,true,2026-02-13 17:57:36.711969
2dd3ce04-7e62-496e-8bc4-be0bc7c909c7,4c61dc18-2b1e-48c8-8a2e-2c730679d4a5,imagem,Anatomia do Violino,Diagrama educativo das partes do violino,img/violino/anatomia.jpg,upload,,,,,iniciante,,[],0,2,true,2026-02-13 18:01:39.533249
2dfbd121-92d3-4ff9-90cb-baf5e805ce3a,11a7bc0c-232f-40dc-92ac-4d15aebd2d52,3d,Modelo 3D Violino,Modelo tridimensional interativo do violino,models/violino_3d.glb,upload,,,,,iniciante,,[],0,10,true,2026-02-13 17:57:36.711969
2dfc6a70-6fef-4f8f-bec7-8224e1b8dcd9,f8653cdb-e2e7-479a-bfff-c8643859b866,video,Ave Maria - Schubert,Performance clássica da famosa peça,https://youtube.com/watch?v=ave_maria_violin,youtube,,,,performance,intermediario,,[],0,6,true,2026-02-13 18:01:39.533249
2e1bee36-2f43-45ea-b213-43b876064a3f,92ecdeff-3480-4f27-85cd-86f12622cf9f,video,Ave Maria - Schubert,Performance clássica da famosa peça,https://youtube.com/watch?v=ave_maria_violin,youtube,,,,performance,intermediario,,[],0,6,true,2026-02-13 17:57:36.711969
2e2241f0-7125-413c-a02b-81ca7a7eb81f,8bd473f1-7b35-4b9e-869a-17fb73c6e047,audio,Orquestra,Teclado em orquestra.,/midias/teclado/orquestra.mp3,upload,,,,performance,avancado,300,"[""orquestra"",""teclado""]",0,0,true,2025-06-15 20:36:24.121938
2e3c79d6-0a08-4954-959f-3c34adb88ef8,bee0f63a-e248-4f2c-9325-0a23cb3c5a8e,audio,Concerto Tchaikovsky,Primeiro movimento do famoso concerto,audio/violino/tchaikovsky_concerto.mp3,upload,,,,,avancado,,[],0,8,true,2026-02-13 17:57:36.711969
2e4900a5-faf1-41af-b467-8717eabc827a,13912e91-7b48-4a8d-82b7-b59515c2a0d3,video,Ave Maria - Schubert,Performance clássica da famosa peça,https://youtube.com/watch?v=ave_maria_violin,youtube,,,,performance,intermediario,,[],0,6,true,2026-02-13 17:57:36.711969
2e4c6e45-8db2-4a18-93ee-e82854b38a8a,4445b5c9-dcdf-4dd3-8ce6-bb04a22127ce,imagem,Anatomia do Violino,Diagrama educativo das partes do violino,img/violino/anatomia.jpg,upload,,,,,iniciante,,[],0,2,true,2026-02-13 17:57:36.711969
2e521893-6f47-4da8-a830-fbc2326823e5,9b42a23b-ac7f-42e1-8a04-bde4c525fbde,imagem,Palheta dupla,Detalhe da palheta dupla.,/midias/oboe/palheta.jpg,upload,,,,tecnica,iniciante,,"[""palheta"",""oboe""]",0,0,true,2025-06-20 05:15:55.927047
2e9c93ba-44a7-4220-8d72-963df28ad0d0,492f792b-8d0c-46b7-a195-c8c32114696d,video,Primeiros Passos no Violino (rep),Aula básica de como segurar o violino e o arco,https://youtube.com/watch?v=violin_basics,youtube,,,,tutorial,iniciante,,[],0,4,true,2026-02-13 18:01:39.533249
2ea01141-7ed4-42dd-bb97-bbdbacd62efb,34f9e29b-3d22-464a-b31c-c3f4fbb73328,video,Violino no Jazz,Improvisação jazzística no violino,https://youtube.com/watch?v=jazz_violin,youtube,,,,performance,avancado,,[],0,7,true,2026-02-13 18:01:39.533249
2ecedc7d-52b3-4233-a7bb-a727053ed74e,fb125188-c48e-4d89-a46e-11c3b600dabd,audio,Capricho Paganini (rep),Capricho nº 24 de Paganini,audio/violino/paganini_caprice.mp3,upload,,,,,avancado,,[],0,9,false,2026-02-13 18:01:39.533249
2f0e2fab-ce9f-4147-894e-6a77fba2e486,92ecdeff-3480-4f27-85cd-86f12622cf9f,imagem,Anatomia do Violino (rep),Diagrama educativo das partes do violino,img/violino/anatomia.jpg,upload,,,,,iniciante,,[],0,2,false,2026-02-13 18:01:39.533249
2f2a0bab-f45b-4d74-849a-a844400a9d19,6b11dc1a-295f-4458-9c08-2bcec09ff3ec,video,Violino no Jazz,Improvisação jazzística no violino,https://youtube.com/watch?v=jazz_violin,youtube,,,,performance,avancado,,[],0,7,true,2026-02-13 17:57:36.711969
2f44677f-c54c-476b-b622-061b9a0ca001,f8653cdb-e2e7-479a-bfff-c8643859b866,video,Ave Maria - Schubert (rep),Performance clássica da famosa peça,https://youtube.com/watch?v=ave_maria_violin,youtube,,,,performance,intermediario,,[],0,6,true,2026-02-13 18:01:39.533249
2f523652-f9bb-421d-a285-a0d58ba18eb2,35aff373-706c-47d8-8004-d8edcddb1e0c,imagem,Baixo frontal,Foto do baixo elétrico moderno.,/midias/baixo/frontal.jpg,upload,,,,tecnica,iniciante,,"[""baixo"",""estrutura""]",0,0,true,2025-06-16 04:38:10.049188
2f569189-ac2d-433b-b144-879d85617107,761a3318-9a5e-46f3-88f2-62159b96100c,video,Técnica de Vibrato (rep),Demonstração da técnica de vibrato no violino,https://youtube.com/watch?v=violin_vibrato,youtube,,,,tutorial,avancado,,[],0,5,true,2026-02-13 18:01:39.533249
2f7f1edf-5002-4916-bd06-c8710996cd32,9edff4db-9ef5-43fc-970a-7d2086de223b,3d,Modelo 3D Violino (rep),Modelo tridimensional interativo do violino,models/violino_3d.glb,upload,,,,,iniciante,,[],0,10,false,2026-02-13 18:01:39.533249
2f860499-c226-4367-a842-e6ad279c84cc,1f8c0a22-f3fc-4f51-8938-6e1cc6e24f85,imagem,Anatomia do Violino,Diagrama educativo das partes do violino,img/violino/anatomia.jpg,upload,,,,,iniciante,,[],0,2,false,2026-02-13 18:01:39.533249
2fcbb52c-b841-4feb-816d-95d4f891406f,3e02292d-bd2f-46ed-9b9e-a0c8b0acd996,imagem,Postura do Violinista (rep),Demonstração da postura correta para tocar violino,img/violino/postura.jpg,upload,,,,,iniciante,,[],0,3,true,2026-02-13 18:01:39.533249
2fcd34ad-6bb4-4804-95fb-996496da09ee,0b9c8c6b-0e47-471c-b83b-01c931410692,imagem,Violino Stradivarius,Violino clássico de luthier famoso mostrando detalhes da madeira,img/violino/stradivarius.jpg,upload,,,,,iniciante,,[],0,1,true,2026-02-13 18:01:39.533249
2fd8e4b3-2fab-480a-adf6-94b9a5a5b6b9,9b42a23b-ac7f-42e1-8a04-bde4c525fbde,video,Orquestra sinfônica,Oboé na orquestra.,https://www.youtube.com/watch?v=oboe5,youtube,,,,performance,intermediario,600,"[""orquestra"",""oboe""]",0,0,true,2025-06-20 05:15:55.927047
2fdfe1e8-54e4-4f52-abd8-c2c0984dc869,56e32061-7ed6-495d-9bc1-00cdb345b02e,imagem,Postura do Violinista,Demonstração da postura correta para tocar violino,img/violino/postura.jpg,upload,,,,,iniciante,,[],0,3,true,2026-02-13 18:01:39.533249
3002835c-d68a-41c4-93f5-5426d55ab37c,ac116dcb-4fd4-4ef6-b6fb-f4ff1287bf68,imagem,Postura do Violinista,Demonstração da postura correta para tocar violino,img/violino/postura.jpg,upload,,,,,iniciante,,[],0,3,true,2026-02-13 17:57:36.711969
3015903c-196b-4f8a-af76-7fb853daf7b8,80436b4f-15c1-452f-9442-34e42b5117e4,video,Violino no Jazz,Improvisação jazzística no violino,https://youtube.com/watch?v=jazz_violin,youtube,,,,performance,avancado,,[],0,7,true,2025-06-09 03:41:34.794455
301c8905-c69b-4460-aeee-c8b6ef185bca,36b9d36d-f65b-4ba1-89be-4ab3707e874c,audio,Improviso,Improviso ao vivo.,/midias/fagote/improviso.mp3,upload,,,,performance,avancado,180,"[""improviso"",""fagote""]",0,0,true,2025-06-20 02:48:24.932103
302c5e17-d7cc-46a6-b8fe-03115585d59b,df42056c-8a3e-454c-aeca-73b4d608b85c,video,Técnica de Vibrato,Demonstração da técnica de vibrato no violino,https://youtube.com/watch?v=violin_vibrato,youtube,,,,tutorial,avancado,,[],0,5,true,2026-02-13 18:01:39.533249
304f8edd-8304-4399-be57-f96f3ce0e963,509d6a26-159a-4976-aa46-83f914f930aa,video,Ave Maria - Schubert,Performance clássica da famosa peça,https://youtube.com/watch?v=ave_maria_violin,youtube,,,,performance,intermediario,,[],0,6,true,2026-02-13 18:01:39.533249
3064fa2e-8dbd-4ac9-be5d-edc39159b176,761a3318-9a5e-46f3-88f2-62159b96100c,audio,Capricho Paganini,Capricho nº 24 de Paganini,audio/violino/paganini_caprice.mp3,upload,,,,,avancado,,[],0,9,true,2026-02-13 17:57:36.711969
30a40c1a-6211-4d4c-bf8b-760f7c3abb03,86f83611-c0db-470c-87e7-31ee81b1a009,imagem,Postura do Violinista (rep),Demonstração da postura correta para tocar violino,img/violino/postura.jpg,upload,,,,,iniciante,,[],0,3,true,2026-02-13 18:01:39.533249
30cc0458-0036-4252-8c61-cca8095b8cd2,6925f61b-ba48-473a-b69a-e3548036c1df,imagem,Violino Stradivarius (rep),Violino clássico de luthier famoso mostrando detalhes da madeira,img/violino/stradivarius.jpg,upload,,,,,iniciante,,[],0,1,true,2026-02-13 18:01:39.533249
30e69dff-4d61-4e8a-bac0-3761506c53bf,fb125188-c48e-4d89-a46e-11c3b600dabd,video,Técnica de Vibrato (rep),Demonstração da técnica de vibrato no violino,https://youtube.com/watch?v=violin_vibrato,youtube,,,,tutorial,avancado,,[],0,5,false,2026-02-13 18:01:39.533249
31217d00-33ad-417a-80c9-c1fd93dbab9a,b7425269-f2bb-454c-8c61-e3e9d028c9b4,audio,Concerto Tchaikovsky (rep),Primeiro movimento do famoso concerto,audio/violino/tchaikovsky_concerto.mp3,upload,,,,,avancado,,[],0,8,true,2026-02-13 18:01:39.533249
314bde4f-ef74-4e72-868e-7aa5ec984dac,87ee66bf-bb70-4e70-9aa3-4bff514ced4e,video,Violino no Jazz (rep),Improvisação jazzística no violino,https://youtube.com/watch?v=jazz_violin,youtube,,,,performance,avancado,,[],0,7,false,2026-02-13 18:01:39.533249
315235c4-4c26-4074-a57d-a1dcddf76f11,750450cf-e14e-4f02-944e-b3c1bb0f87a4,imagem,Violino Stradivarius,Violino clássico de luthier famoso mostrando detalhes da madeira,img/violino/stradivarius.jpg,upload,,,,,iniciante,,[],0,1,true,2026-02-13 17:57:36.711969
318edb9b-2dc3-4763-ac6b-14b1ed5fe731,8ddb4eea-18b9-4b8f-bb85-16a1f5474f87,video,Ave Maria - Schubert,Performance clássica da famosa peça,https://youtube.com/watch?v=ave_maria_violin,youtube,,,,performance,intermediario,,[],0,6,true,2026-02-13 17:57:36.711969
31af04ae-7502-4c5d-bccd-97c4a710fe6d,794f42a6-619a-4ca3-8f1b-c3ac7a9e7a08,audio,Trinado,Execução trinado.,/midias/flauta/trinado.mp3,upload,,,,tecnica,intermediario,60,"[""trinado"",""flauta""]",0,0,true,2025-06-15 19:42:58.828009
31b083a6-ba42-4143-a9b3-c7760fac7006,8fbba87d-39e1-4542-b8bb-7c815fdc2b9a,audio,Concerto Tchaikovsky,Primeiro movimento do famoso concerto,audio/violino/tchaikovsky_concerto.mp3,upload,,,,,avancado,,[],0,8,true,2026-02-13 18:01:39.533249
31bf5e29-09f6-4423-a4ff-a36156dd8554,cca87ab1-8ad4-4876-a8d8-190f85927952,imagem,Anatomia do Violino,Diagrama educativo das partes do violino,img/violino/anatomia.jpg,upload,,,,,iniciante,,[],0,2,true,2026-02-13 17:57:36.711969
31f152e7-1945-48fb-8a68-4ca1cb2dc65e,6925f61b-ba48-473a-b69a-e3548036c1df,audio,Concerto Tchaikovsky,Primeiro movimento do famoso concerto,audio/violino/tchaikovsky_concerto.mp3,upload,,,,,avancado,,[],0,8,true,2026-02-13 17:57:36.711969
3206a9bb-5fd0-4f10-934e-6bb48a171b01,761a3318-9a5e-46f3-88f2-62159b96100c,imagem,Violino Stradivarius,Violino clássico de luthier famoso mostrando detalhes da madeira,img/violino/stradivarius.jpg,upload,,,,,iniciante,,[],0,1,true,2026-02-13 17:57:36.711969
320a8abe-b3ed-4075-8ebc-291396978c11,87ee66bf-bb70-4e70-9aa3-4bff514ced4e,video,Violino no Jazz,Improvisação jazzística no violino,https://youtube.com/watch?v=jazz_violin,youtube,,,,performance,avancado,,[],0,7,true,2026-02-13 18:01:39.533249
320ec7e4-669f-4525-b8a5-52ebc9a5d1b2,bc665a4e-e301-44d3-b8bf-decb09422d71,audio,Concerto Tchaikovsky,Primeiro movimento do famoso concerto,audio/violino/tchaikovsky_concerto.mp3,upload,,,,,avancado,,[],0,8,false,2026-02-13 18:01:39.533249
3228561c-2c99-4cbd-bdc5-0b8ec3497d48,56f643e0-a3e2-4067-84ac-334c454426f8,imagem,Postura do Violinista (rep),Demonstração da postura correta para tocar violino,img/violino/postura.jpg,upload,,,,,iniciante,,[],0,3,false,2026-02-13 18:01:39.533249
32442eda-bfde-40ac-a494-0ea200e6f688,794f42a6-619a-4ca3-8f1b-c3ac7a9e7a08,audio,Expressão,Execução expressiva.,/midias/flauta/expressao.mp3,upload,,,,tecnica,intermediario,60,"[""expressao"",""flauta""]",0,0,true,2025-06-15 19:42:58.828009
324c3404-0ff8-4252-8f7c-79e9ab8c0b8c,36b9d36d-f65b-4ba1-89be-4ab3707e874c,audio,Harmônicos,Exemplo harmônicos.,/midias/fagote/harmonicos.mp3,upload,,,,tecnica,intermediario,60,"[""harmonicos"",""fagote""]",0,0,true,2025-06-20 02:48:24.932103
32a84fc2-c03a-43a6-b8d9-57ced0257086,1f8c0a22-f3fc-4f51-8938-6e1cc6e24f85,video,Violino no Jazz,Improvisação jazzística no violino,https://youtube.com/watch?v=jazz_violin,youtube,,,,performance,avancado,,[],0,7,true,2026-02-13 17:57:36.711969
32c363c7-fa54-47c8-99b9-9a75099add5f,9a5e0eac-114e-4173-90af-32b55c870675,audio,Capricho Paganini,Capricho nº 24 de Paganini,audio/violino/paganini_caprice.mp3,upload,,,,,avancado,,[],0,9,false,2026-02-13 18:01:39.533249
32d5bf2a-df6e-4ba5-a2b5-0ab35608367f,0e52514e-58c3-463a-a6e4-f71a1439f9b7,imagem,Violino Stradivarius,Violino clássico de luthier famoso mostrando detalhes da madeira,img/violino/stradivarius.jpg,upload,,,,,iniciante,,[],0,1,true,2026-02-13 17:57:36.711969
32f685eb-bb6f-4a8e-8396-2578bcd2afd6,a0f53672-7d87-4ab4-a64f-b551fc1a380d,imagem,Anatomia do Violino,Diagrama educativo das partes do violino,img/violino/anatomia.jpg,upload,,,,,iniciante,,[],0,2,true,2026-02-13 17:57:36.711969
330c6e3e-0a19-43bf-bad3-7a7f2d63a9ae,0e52514e-58c3-463a-a6e4-f71a1439f9b7,audio,Capricho Paganini,Capricho nº 24 de Paganini,audio/violino/paganini_caprice.mp3,upload,,,,,avancado,,[],0,9,true,2026-02-13 18:01:39.533249
33174975-8b62-4d0d-b1c6-f6eb20339b78,e54b748d-3b1b-48ba-b65e-ec1e476e94ad,audio,Capricho Paganini,Capricho nº 24 de Paganini,audio/violino/paganini_caprice.mp3,upload,,,,,avancado,,[],0,9,true,2026-02-13 18:01:39.533249
33282d71-e3e1-4ac7-a6cf-e8cb69b41fbc,d7c80fe1-ab43-4920-b2aa-d9b4f3ace166,audio,Respiração circular,Áudio demonstrativo,/midias/clarinete/resp_circular.mp3,upload,,,,tecnica,avancado,90,"[""respiracao"",""clarinete""]",0,0,true,2025-06-15 19:19:49.258132
3329e91e-6d20-4729-8fa2-9650ea47955a,850c53c4-2ed6-4a12-a4ff-3fbaecd6bf73,audio,Expressão,Execução expressiva.,/midias/trombone/expressao.mp3,upload,,,,tecnica,intermediario,60,"[""expressao"",""trombone""]",0,0,true,2025-06-20 13:43:29.669569
33339a44-5ed7-48d8-905e-dc1d7de6751b,0b9c8c6b-0e47-471c-b83b-01c931410692,imagem,Anatomia do Violino,Diagrama educativo das partes do violino,img/violino/anatomia.jpg,upload,,,,,iniciante,,[],0,2,true,2026-02-13 18:01:39.533249
335839ea-0ef6-46f3-8724-93875c343523,9b42a23b-ac7f-42e1-8a04-bde4c525fbde,imagem,Oboé desmontado,Oboé separado em partes.,/midias/oboe/desmontado.jpg,upload,,,,tecnica,iniciante,,"[""desmontado"",""oboe""]",0,0,true,2025-06-20 05:15:55.927047
335f05fb-b691-46b4-8c7d-2627637a8c1d,4445b5c9-dcdf-4dd3-8ce6-bb04a22127ce,3d,Modelo 3D Violino (rep),Modelo tridimensional interativo do violino,models/violino_3d.glb,upload,,,,,iniciante,,[],0,10,false,2026-02-13 18:01:39.533249
33601d27-c0d8-4292-973d-9e8b5c56e77a,850c53c4-2ed6-4a12-a4ff-3fbaecd6bf73,video,Articulação,Articulação no trombone.,https://www.youtube.com/watch?v=trombone3,youtube,,,,tecnica,iniciante,180,"[""articulacao"",""trombone""]",0,0,true,2025-06-20 13:43:29.669569
339d6213-d8eb-457e-b0f8-5f1c2d8e4b06,13912e91-7b48-4a8d-82b7-b59515c2a0d3,video,Ave Maria - Schubert,Performance clássica da famosa peça,https://youtube.com/watch?v=ave_maria_violin,youtube,,,,performance,intermediario,,[],0,6,true,2026-02-13 18:01:39.533249
33aa8537-df3a-49d7-9659-19f3a102db50,11a7bc0c-232f-40dc-92ac-4d15aebd2d52,video,Violino no Jazz,Improvisação jazzística no violino,https://youtube.com/watch?v=jazz_violin,youtube,,,,performance,avancado,,[],0,7,true,2026-02-13 18:01:39.533249
3413a942-728d-4245-9f7b-612afb239682,9b42a23b-ac7f-42e1-8a04-bde4c525fbde,video,Postura correta,Como segurar o oboé.,https://www.youtube.com/watch?v=oboe1,youtube,,,,tecnica,iniciante,300,"[""postura"",""oboe""]",0,0,true,2025-06-20 05:15:55.927047
341e1eb1-5f6c-46a1-8a86-49bd157b8631,8ddb4eea-18b9-4b8f-bb85-16a1f5474f87,audio,Capricho Paganini,Capricho nº 24 de Paganini,audio/violino/paganini_caprice.mp3,upload,,,,,avancado,,[],0,9,true,2026-02-13 17:57:36.711969
344eae0b-bb10-44e8-a9c8-4d925bb3eee5,453ca164-6f0e-4554-b008-dd68bf4586c2,3d,Modelo 3D Violino,Modelo tridimensional interativo do violino,models/violino_3d.glb,upload,,,,,iniciante,,[],0,10,true,2026-02-13 17:57:36.711969
345b261c-9e27-44f2-8901-6d514b982867,f8653cdb-e2e7-479a-bfff-c8643859b866,video,Técnica de Vibrato,Demonstração da técnica de vibrato no violino,https://youtube.com/watch?v=violin_vibrato,youtube,,,,tutorial,avancado,,[],0,5,false,2026-02-13 18:01:39.533249
3491fd1e-017d-423c-84a1-ae8bd3121d2e,86f83611-c0db-470c-87e7-31ee81b1a009,video,Ave Maria - Schubert,Performance clássica da famosa peça,https://youtube.com/watch?v=ave_maria_violin,youtube,,,,performance,intermediario,,[],0,6,false,2026-02-13 18:01:39.533249
34e5db13-501e-4c67-abc1-5de3cbfa9407,32705505-7727-4d27-b7bd-b08e7c90c233,imagem,Postura do Violinista,Demonstração da postura correta para tocar violino,img/violino/postura.jpg,upload,,,,,iniciante,,[],0,3,true,2026-02-13 18:01:39.533249
34ee29b2-f4cb-4dc1-bee8-e19bfbc753e7,750450cf-e14e-4f02-944e-b3c1bb0f87a4,3d,Modelo 3D Violino (rep),Modelo tridimensional interativo do violino,models/violino_3d.glb,upload,,,,,iniciante,,[],0,10,true,2026-02-13 18:01:39.533249
350c06d7-c3a4-4f84-88b1-e155142afce3,9b42a23b-ac7f-42e1-8a04-bde4c525fbde,imagem,Oboé solo,Apresentação solo.,/midias/oboe/solo.jpg,upload,,,,performance,avancado,,"[""solo"",""oboe""]",0,0,true,2025-06-20 05:15:55.927047
350db60e-90c5-47d0-8fc9-70223756732c,794f42a6-619a-4ca3-8f1b-c3ac7a9e7a08,audio,Vibrato,Execução vibrato.,/midias/flauta/vibrato.mp3,upload,,,,tecnica,intermediario,60,"[""vibrato"",""flauta""]",0,0,true,2025-06-15 19:42:58.828009
354da76f-614d-42d6-ac88-1bc5ea56d270,e54b748d-3b1b-48ba-b65e-ec1e476e94ad,imagem,Anatomia do Violino,Diagrama educativo das partes do violino,img/violino/anatomia.jpg,upload,,,,,iniciante,,[],0,2,true,2026-02-13 18:01:39.533249
3565f935-52a4-4570-8ad4-1fa7ddaf9e15,df42056c-8a3e-454c-aeca-73b4d608b85c,video,Ave Maria - Schubert,Performance clássica da famosa peça,https://youtube.com/watch?v=ave_maria_violin,youtube,,,,performance,intermediario,,[],0,6,false,2026-02-13 18:01:39.533249
356d9523-ae68-408b-b2ec-4f2732564afd,ab9720a5-1973-484e-9a44-d4aa62594336,audio,Acordes Básicos Progressão,Sequência I-vi-IV-V em Dó Maior,/audio/piano/progressao_acordes.mp3,upload,,,,demonstracao,iniciante,60,"[""acordes"",""progressao"",""harmonia""]",0,0,true,2025-06-08 15:18:29.330868
3571a02e-1628-4c1e-b8a0-fa27150ed0c6,11a7bc0c-232f-40dc-92ac-4d15aebd2d52,imagem,Violino Stradivarius,Violino clássico de luthier famoso mostrando detalhes da madeira,img/violino/stradivarius.jpg,upload,,,,,iniciante,,[],0,1,true,2026-02-13 18:01:39.533249
357e5c47-0957-4054-867e-6f179e70b6a9,1b699036-0f72-4c48-9801-e01f6f25e165,imagem,Anatomia do Violino,Diagrama educativo das partes do violino,img/violino/anatomia.jpg,upload,,,,,iniciante,,[],0,2,true,2026-02-13 17:57:36.711969
357f58bb-6b21-4d3c-8962-3df6d51c4820,26cadf44-6d7b-4f9b-85d6-6b2c40715f45,video,Legato,Execução suave.,https://www.youtube.com/watch?v=saxofone3,youtube,,,,tecnica,iniciante,180,"[""legato"",""saxofone""]",0,0,true,2025-06-16 00:56:26.375072
35886b84-cf62-42af-80c1-b532f91d3219,35da6877-2528-4f37-9ab4-b44893ad1dbf,video,Técnica de Vibrato,Demonstração da técnica de vibrato no violino,https://youtube.com/watch?v=violin_vibrato,youtube,,,,tutorial,avancado,,[],0,5,true,2026-02-13 17:57:36.711969
359ff0aa-ca9e-407b-8b1d-5879ddddcad6,412c40b6-f4fc-4379-9d6f-5ce0ec2d669d,imagem,Cordas,Detalhe das cordas do violoncelo.,/midias/violoncelo/cordas.jpg,upload,,,,tecnica,iniciante,,"[""cordas"",""violoncelo""]",0,0,true,2025-06-15 19:35:06.847648
35a3eee3-ed84-4c9d-9115-7b80cd87dd27,7b6ae164-dfdf-452d-a5c3-d01554861444,imagem,Postura do Violinista,Demonstração da postura correta para tocar violino,img/violino/postura.jpg,upload,,,,,iniciante,,[],0,3,true,2026-02-13 17:57:36.711969
35c2c29b-c3e4-4e68-8c5d-6c0402a59d98,2abbd218-b737-410e-934b-f9c8f3d2b806,audio,Concerto Tchaikovsky,Primeiro movimento do famoso concerto,audio/violino/tchaikovsky_concerto.mp3,upload,,,,,avancado,,[],0,8,false,2026-02-13 18:01:39.533249
35e1bc31-95f1-4c34-9969-2ec1eb5103ef,2abbd218-b737-410e-934b-f9c8f3d2b806,audio,Concerto Tchaikovsky (rep),Primeiro movimento do famoso concerto,audio/violino/tchaikovsky_concerto.mp3,upload,,,,,avancado,,[],0,8,true,2026-02-13 18:01:39.533249
3626f3a8-1cda-4ed1-9ba3-11bf43bde403,3957c464-86dc-4aa2-9f09-57b5eb2a6c6a,video,Técnica de Vibrato (rep),Demonstração da técnica de vibrato no violino,https://youtube.com/watch?v=violin_vibrato,youtube,,,,tutorial,avancado,,[],0,5,false,2026-02-13 18:01:39.533249
365b9ea7-7f53-42d1-a753-2b42ca58e8aa,92ecdeff-3480-4f27-85cd-86f12622cf9f,video,Técnica de Vibrato,Demonstração da técnica de vibrato no violino,https://youtube.com/watch?v=violin_vibrato,youtube,,,,tutorial,avancado,,[],0,5,true,2026-02-13 17:57:36.711969
3664d884-6066-4898-8e59-0a5640221d4c,63ebeaeb-be5d-4c26-a5cf-f59b71423401,imagem,Anatomia do Violino (rep),Diagrama educativo das partes do violino,img/violino/anatomia.jpg,upload,,,,,iniciante,,[],0,2,false,2026-02-13 18:01:39.533249
36830473-a083-4c4e-bfb7-2b3a5e59b008,bee0f63a-e248-4f2c-9325-0a23cb3c5a8e,imagem,Violino Stradivarius (rep),Violino clássico de luthier famoso mostrando detalhes da madeira,img/violino/stradivarius.jpg,upload,,,,,iniciante,,[],0,1,true,2026-02-13 18:01:39.533249
36898002-ee6c-48fb-82bc-b113423b41c6,bee0f63a-e248-4f2c-9325-0a23cb3c5a8e,video,Violino no Jazz,Improvisação jazzística no violino,https://youtube.com/watch?v=jazz_violin,youtube,,,,performance,avancado,,[],0,7,false,2026-02-13 18:01:39.533249
36c55435-b48c-4630-afa3-15854000029d,e48ad87b-d237-45e4-a707-05374c4240fa,imagem,Violino Stradivarius,Violino clássico de luthier famoso mostrando detalhes da madeira,img/violino/stradivarius.jpg,upload,,,,,iniciante,,[],0,1,true,2026-02-13 17:57:36.711969
36d70a31-fd40-4db9-8ed3-c33de3b82592,e54b748d-3b1b-48ba-b65e-ec1e476e94ad,video,Violino no Jazz,Improvisação jazzística no violino,https://youtube.com/watch?v=jazz_violin,youtube,,,,performance,avancado,,[],0,7,true,2026-02-13 18:01:39.533249
36ef7f5a-fac4-4726-8a77-5c5cecede903,8ddb4eea-18b9-4b8f-bb85-16a1f5474f87,video,Técnica de Vibrato,Demonstração da técnica de vibrato no violino,https://youtube.com/watch?v=violin_vibrato,youtube,,,,tutorial,avancado,,[],0,5,true,2026-02-13 17:57:36.711969
37075781-98e4-4a3d-aed7-c9895056ebaa,7b6ae164-dfdf-452d-a5c3-d01554861444,video,Ave Maria - Schubert,Performance clássica da famosa peça,https://youtube.com/watch?v=ave_maria_violin,youtube,,,,performance,intermediario,,[],0,6,true,2026-02-13 18:01:39.533249
3725446a-0619-46bc-a171-ca597966c87d,9edff4db-9ef5-43fc-970a-7d2086de223b,video,Técnica de Vibrato,Demonstração da técnica de vibrato no violino,https://youtube.com/watch?v=violin_vibrato,youtube,,,,tutorial,avancado,,[],0,5,false,2026-02-13 18:01:39.533249
3725a580-05bd-436f-a5eb-f9e9711361db,412c40b6-f4fc-4379-9d6f-5ce0ec2d669d,imagem,Violoncelo em solo,Violoncelista em solo.,/midias/violoncelo/solo.jpg,upload,,,,performance,avancado,,"[""solo"",""violoncelo""]",0,0,true,2025-06-15 19:35:06.847648
37288beb-7a10-4e48-bb60-ed3841871fb1,761a3318-9a5e-46f3-88f2-62159b96100c,imagem,Anatomia do Violino,Diagrama educativo das partes do violino,img/violino/anatomia.jpg,upload,,,,,iniciante,,[],0,2,true,2026-02-13 17:57:36.711969
372d7fe8-cbd4-4765-9a85-4144b49aef04,86f83611-c0db-470c-87e7-31ee81b1a009,3d,Modelo 3D Violino,Modelo tridimensional interativo do violino,models/violino_3d.glb,upload,,,,,iniciante,,[],0,10,false,2026-02-13 18:01:39.533249
373a662f-926a-4531-94d5-93138539ee02,9edff4db-9ef5-43fc-970a-7d2086de223b,audio,Concerto Tchaikovsky (rep),Primeiro movimento do famoso concerto,audio/violino/tchaikovsky_concerto.mp3,upload,,,,,avancado,,[],0,8,true,2026-02-13 18:01:39.533249
3762462f-eb57-4adb-9190-fbf6ad73c48f,9c3a903d-8750-4ded-9341-c876a6d6de93,audio,Concerto Tchaikovsky,Primeiro movimento do famoso concerto,audio/violino/tchaikovsky_concerto.mp3,upload,,,,,avancado,,[],0,8,true,2026-02-13 18:01:39.533249
3778e1cd-c71d-4cd3-b093-5185b6424287,86f83611-c0db-470c-87e7-31ee81b1a009,video,Violino no Jazz (rep),Improvisação jazzística no violino,https://youtube.com/watch?v=jazz_violin,youtube,,,,performance,avancado,,[],0,7,true,2026-02-13 18:01:39.533249
379c8eeb-135f-4e08-94c4-dd0bdb55ec67,794f42a6-619a-4ca3-8f1b-c3ac7a9e7a08,audio,Escala de Dó maior,Escala completa.,/midias/flauta/escala_do.mp3,upload,,,,tecnica,iniciante,60,"[""escala"",""flauta""]",0,0,true,2025-06-15 19:42:58.828009
37a5ec72-4e3b-4649-b047-a08d7c669f5a,c75fe646-ff86-4420-98f0-a0f25d39de45,3d,Modelo 3D Violino,Modelo tridimensional interativo do violino,models/violino_3d.glb,upload,,,,,iniciante,,[],0,10,true,2026-02-13 17:57:36.711969
37a83b58-de9c-4c3a-93bd-e80dce65d53f,ac116dcb-4fd4-4ef6-b6fb-f4ff1287bf68,imagem,Anatomia do Violino,Diagrama educativo das partes do violino,img/violino/anatomia.jpg,upload,,,,,iniciante,,[],0,2,true,2026-02-13 18:01:39.533249
37ae79a1-913b-4b78-894d-8f411e137748,4bc1c064-fa97-43f5-b6d7-d466ca66635d,video,Técnica de Vibrato (rep),Demonstração da técnica de vibrato no violino,https://youtube.com/watch?v=violin_vibrato,youtube,,,,tutorial,avancado,,[],0,5,true,2026-02-13 18:01:39.533249
37b633f1-61c2-478a-bae9-ae0ab0ba6404,35aff373-706c-47d8-8004-d8edcddb1e0c,video,Improviso no baixo,Improviso ao vivo.,https://www.youtube.com/watch?v=baixo10,youtube,,,,performance,avancado,300,"[""improviso"",""baixo""]",0,0,true,2025-06-16 04:38:10.049188
37c14658-8aec-4e20-be7e-20188d043d5b,794f42a6-619a-4ca3-8f1b-c3ac7a9e7a08,video,Flauta em orquestra,Performance em grupo.,https://www.youtube.com/watch?v=flauta8,youtube,,,,performance,avancado,600,"[""orquestra"",""flauta""]",0,0,true,2025-06-15 19:42:58.828009
37c78d78-b2be-4907-a981-68dd271807fd,6925f61b-ba48-473a-b69a-e3548036c1df,imagem,Anatomia do Violino (rep),Diagrama educativo das partes do violino,img/violino/anatomia.jpg,upload,,,,,iniciante,,[],0,2,true,2026-02-13 18:01:39.533249
37cb5d7e-e6c5-43da-8e44-299411fc53fd,761a3318-9a5e-46f3-88f2-62159b96100c,video,Primeiros Passos no Violino,Aula básica de como segurar o violino e o arco,https://youtube.com/watch?v=violin_basics,youtube,,,,tutorial,iniciante,,[],0,4,false,2026-02-13 18:01:39.533249
37f2a6f9-d846-4030-9e25-0cf45f1227fb,750450cf-e14e-4f02-944e-b3c1bb0f87a4,audio,Capricho Paganini,Capricho nº 24 de Paganini,audio/violino/paganini_caprice.mp3,upload,,,,,avancado,,[],0,9,true,2026-02-13 17:57:36.711969
37f90bb1-2a92-40d7-a9ab-22fdefe9c012,96b547b5-e685-40f8-952c-9dfce2ad4dc6,imagem,Anatomia do Violino,Diagrama educativo das partes do violino,img/violino/anatomia.jpg,upload,,,,,iniciante,,[],0,2,false,2026-02-13 18:01:39.533249
382fd6b5-716f-4cb6-baca-717e8bd012ec,13912e91-7b48-4a8d-82b7-b59515c2a0d3,video,Primeiros Passos no Violino,Aula básica de como segurar o violino e o arco,https://youtube.com/watch?v=violin_basics,youtube,,,,tutorial,iniciante,,[],0,4,true,2026-02-13 17:57:36.711969
388422f0-738c-4e2a-a791-a3d0b8dbab08,8fbba87d-39e1-4542-b8bb-7c815fdc2b9a,video,Violino no Jazz,Improvisação jazzística no violino,https://youtube.com/watch?v=jazz_violin,youtube,,,,performance,avancado,,[],0,7,true,2026-02-13 18:01:39.533249
38bac8d7-1af5-42f4-b216-a8520a50c646,82052c70-0a9d-4d94-873e-3b402e032f55,audio,Capricho Paganini (rep),Capricho nº 24 de Paganini,audio/violino/paganini_caprice.mp3,upload,,,,,avancado,,[],0,9,true,2026-02-13 18:01:39.533249
38c5c15f-a2b1-45fe-9e7d-a0218f5a05fd,34f9e29b-3d22-464a-b31c-c3f4fbb73328,imagem,Anatomia do Violino,Diagrama educativo das partes do violino,img/violino/anatomia.jpg,upload,,,,,iniciante,,[],0,2,true,2026-02-13 17:57:36.711969
38c73e32-d3c3-4dc7-8e0b-bd586cb15493,92ecdeff-3480-4f27-85cd-86f12622cf9f,video,Técnica de Vibrato (rep),Demonstração da técnica de vibrato no violino,https://youtube.com/watch?v=violin_vibrato,youtube,,,,tutorial,avancado,,[],0,5,false,2026-02-13 18:01:39.533249
38e006ea-1ce4-4153-8127-ee08b94e6608,4bc1c064-fa97-43f5-b6d7-d466ca66635d,video,Técnica de Vibrato,Demonstração da técnica de vibrato no violino,https://youtube.com/watch?v=violin_vibrato,youtube,,,,tutorial,avancado,,[],0,5,true,2026-02-13 18:01:39.533249
390f0b78-f972-4813-9d9a-de2dc4deabc1,35da6877-2528-4f37-9ab4-b44893ad1dbf,video,Ave Maria - Schubert,Performance clássica da famosa peça,https://youtube.com/watch?v=ave_maria_violin,youtube,,,,performance,intermediario,,[],0,6,false,2026-02-13 18:01:39.533249
3939ca6b-83ee-49ea-9d26-343aeddd257d,2abbd218-b737-410e-934b-f9c8f3d2b806,imagem,Anatomia do Violino,Diagrama educativo das partes do violino,img/violino/anatomia.jpg,upload,,,,,iniciante,,[],0,2,false,2026-02-13 18:01:39.533249
393dd05f-fe37-4111-8d2e-f1cb1d728516,8ddb4eea-18b9-4b8f-bb85-16a1f5474f87,imagem,Anatomia do Violino,Diagrama educativo das partes do violino,img/violino/anatomia.jpg,upload,,,,,iniciante,,[],0,2,false,2026-02-13 18:01:39.533249
394d5ea9-8138-498b-b1e7-6658421bbbab,63ebeaeb-be5d-4c26-a5cf-f59b71423401,audio,Concerto Tchaikovsky,Primeiro movimento do famoso concerto,audio/violino/tchaikovsky_concerto.mp3,upload,,,,,avancado,,[],0,8,true,2026-02-13 18:01:39.533249
395c6d07-5789-4fa2-b25d-05179be85d1c,92ecdeff-3480-4f27-85cd-86f12622cf9f,audio,Concerto Tchaikovsky,Primeiro movimento do famoso concerto,audio/violino/tchaikovsky_concerto.mp3,upload,,,,,avancado,,[],0,8,true,2026-02-13 18:01:39.533249
3974645d-1e92-4668-8404-7e603da951ef,13912e91-7b48-4a8d-82b7-b59515c2a0d3,audio,Concerto Tchaikovsky,Primeiro movimento do famoso concerto,audio/violino/tchaikovsky_concerto.mp3,upload,,,,,avancado,,[],0,8,true,2026-02-13 18:01:39.533249
39920a98-bcea-4ca4-a630-fe01044e2c93,64b94e98-6ad2-4e7f-9aa0-b57f6bb58df1,imagem,Violino Stradivarius,Violino clássico de luthier famoso mostrando detalhes da madeira,img/violino/stradivarius.jpg,upload,,,,,iniciante,,[],0,1,false,2026-02-13 18:01:39.533249
39ae9003-0b18-4440-8ff3-071734192b70,9edff4db-9ef5-43fc-970a-7d2086de223b,audio,Capricho Paganini (rep),Capricho nº 24 de Paganini,audio/violino/paganini_caprice.mp3,upload,,,,,avancado,,[],0,9,true,2026-02-13 18:01:39.533249
39d88083-2b93-40a2-be15-2a415c31b7e1,4bc1c064-fa97-43f5-b6d7-d466ca66635d,imagem,Anatomia do Violino (rep),Diagrama educativo das partes do violino,img/violino/anatomia.jpg,upload,,,,,iniciante,,[],0,2,false,2026-02-13 18:01:39.533249
39e4c553-8ef8-4fbe-9790-9a1c8602960b,c75fe646-ff86-4420-98f0-a0f25d39de45,video,Ave Maria - Schubert,Performance clássica da famosa peça,https://youtube.com/watch?v=ave_maria_violin,youtube,,,,performance,intermediario,,[],0,6,true,2026-02-13 17:57:36.711969
3a08c264-697c-481e-a2f5-077f513dec8e,56f643e0-a3e2-4067-84ac-334c454426f8,imagem,Violino Stradivarius,Violino clássico de luthier famoso mostrando detalhes da madeira,img/violino/stradivarius.jpg,upload,,,,,iniciante,,[],0,1,true,2026-02-13 18:01:39.533249
3a342298-063f-44cb-a9ff-89a0f8ffea53,509d6a26-159a-4976-aa46-83f914f930aa,video,Primeiros Passos no Violino,Aula básica de como segurar o violino e o arco,https://youtube.com/watch?v=violin_basics,youtube,,,,tutorial,iniciante,,[],0,4,false,2026-02-13 18:01:39.533249
3a3aa835-6f6a-4769-ae93-843dbb6a2e3e,9edff4db-9ef5-43fc-970a-7d2086de223b,video,Violino no Jazz,Improvisação jazzística no violino,https://youtube.com/watch?v=jazz_violin,youtube,,,,performance,avancado,,[],0,7,false,2026-02-13 18:01:39.533249
3a42339b-b4f2-4d52-928b-00195141af8a,ee709f67-e4e4-4f9c-9001-7574e4d8dfa0,imagem,Postura do Violinista,Demonstração da postura correta para tocar violino,img/violino/postura.jpg,upload,,,,,iniciante,,[],0,3,false,2026-02-13 18:01:39.533249
3a5dd127-7d63-4431-a85c-e678c3ed6583,56f643e0-a3e2-4067-84ac-334c454426f8,imagem,Anatomia do Violino,Diagrama educativo das partes do violino,img/violino/anatomia.jpg,upload,,,,,iniciante,,[],0,2,true,2026-02-13 17:57:36.711969
3a669651-7ee5-48c9-bc3a-8cd4ccdd9e45,b73f1d80-3d73-487e-89b8-ab35274a8dd4,audio,Improviso,Improviso ao vivo.,/midias/contrabaixo/improviso.mp3,upload,,,,performance,avancado,180,"[""improviso"",""contrabaixo""]",0,0,true,2025-06-16 05:28:34.120792
3a6abf77-8dd3-4d62-9204-e44647c037f2,750450cf-e14e-4f02-944e-b3c1bb0f87a4,video,Técnica de Vibrato (rep),Demonstração da técnica de vibrato no violino,https://youtube.com/watch?v=violin_vibrato,youtube,,,,tutorial,avancado,,[],0,5,true,2026-02-13 18:01:39.533249
3a77e20c-513a-41fc-9c7d-7fbfc0370866,64b94e98-6ad2-4e7f-9aa0-b57f6bb58df1,video,Técnica de Vibrato,Demonstração da técnica de vibrato no violino,https://youtube.com/watch?v=violin_vibrato,youtube,,,,tutorial,avancado,,[],0,5,true,2026-02-13 18:01:39.533249
3a7ad8b3-c219-4070-aced-1fcaa70b8656,8ddb4eea-18b9-4b8f-bb85-16a1f5474f87,video,Ave Maria - Schubert (rep),Performance clássica da famosa peça,https://youtube.com/watch?v=ave_maria_violin,youtube,,,,performance,intermediario,,[],0,6,true,2026-02-13 18:01:39.533249
3a9dd25f-5927-4301-87c7-0b38858a6d11,e54b748d-3b1b-48ba-b65e-ec1e476e94ad,video,Primeiros Passos no Violino (rep),Aula básica de como segurar o violino e o arco,https://youtube.com/watch?v=violin_basics,youtube,,,,tutorial,iniciante,,[],0,4,true,2026-02-13 18:01:39.533249
3aa18630-01a5-4f85-b9d9-3aeb7a066f40,b7425269-f2bb-454c-8c61-e3e9d028c9b4,video,Ave Maria - Schubert,Performance clássica da famosa peça,https://youtube.com/watch?v=ave_maria_violin,youtube,,,,performance,intermediario,,[],0,6,false,2026-02-13 18:01:39.533249
3aa8ecb1-427b-4d63-b7b3-a0cb49d1f517,56e32061-7ed6-495d-9bc1-00cdb345b02e,audio,Concerto Tchaikovsky,Primeiro movimento do famoso concerto,audio/violino/tchaikovsky_concerto.mp3,upload,,,,,avancado,,[],0,8,true,2026-02-13 18:01:39.533249
3abcb19e-ab36-41e4-b626-12d5b7e73799,df42056c-8a3e-454c-aeca-73b4d608b85c,video,Violino no Jazz (rep),Improvisação jazzística no violino,https://youtube.com/watch?v=jazz_violin,youtube,,,,performance,avancado,,[],0,7,true,2026-02-13 18:01:39.533249
3ad4b191-5c95-4887-a315-0501ff09ce1a,ac116dcb-4fd4-4ef6-b6fb-f4ff1287bf68,audio,Capricho Paganini,Capricho nº 24 de Paganini,audio/violino/paganini_caprice.mp3,upload,,,,,avancado,,[],0,9,true,2026-02-13 18:01:39.533249
3ad8bf1f-7de6-452e-b3a6-7c8e52b7ca90,86f83611-c0db-470c-87e7-31ee81b1a009,imagem,Postura do Violinista,Demonstração da postura correta para tocar violino,img/violino/postura.jpg,upload,,,,,iniciante,,[],0,3,false,2026-02-13 18:01:39.533249
3b110761-ea20-4591-a813-f94510d8dad2,6925f61b-ba48-473a-b69a-e3548036c1df,3d,Modelo 3D Violino,Modelo tridimensional interativo do violino,models/violino_3d.glb,upload,,,,,iniciante,,[],0,10,false,2026-02-13 18:01:39.533249
3b1e1a5b-b268-4c15-9272-ff3a57477665,9edff4db-9ef5-43fc-970a-7d2086de223b,imagem,Postura do Violinista,Demonstração da postura correta para tocar violino,img/violino/postura.jpg,upload,,,,,iniciante,,[],0,3,false,2026-02-13 18:01:39.533249
3b27cff0-1f8e-47da-8a66-8c7977d967a9,ab9720a5-1973-484e-9a44-d4aa62594336,video,Chopin - Noturno Op. 9 No. 2,Performance da famosa peça de Chopin,https://youtube.com/watch?v=chopin_noturno,youtube,,,,performance,avancado,300,"[""chopin"",""noturno"",""romantico""]",0,0,true,2025-06-08 18:57:54.942465
3b6030da-efa9-41ad-ac2b-ebae60424480,56e32061-7ed6-495d-9bc1-00cdb345b02e,imagem,Anatomia do Violino,Diagrama educativo das partes do violino,img/violino/anatomia.jpg,upload,,,,,iniciante,,[],0,2,true,2026-02-13 18:01:39.533249
3b72640b-8465-450c-946b-3d5f2a191e93,3957c464-86dc-4aa2-9f09-57b5eb2a6c6a,imagem,Violino Stradivarius,Violino clássico de luthier famoso mostrando detalhes da madeira,img/violino/stradivarius.jpg,upload,,,,,iniciante,,[],0,1,true,2026-02-13 17:57:36.711969
3b7bc6c3-fc3b-49b4-8aab-c2550ea24be2,fb125188-c48e-4d89-a46e-11c3b600dabd,3d,Modelo 3D Violino (rep),Modelo tridimensional interativo do violino,models/violino_3d.glb,upload,,,,,iniciante,,[],0,10,false,2026-02-13 18:01:39.533249
3b8e3b37-639e-490d-a867-9d9806d021ff,7b6ae164-dfdf-452d-a5c3-d01554861444,audio,Capricho Paganini (rep),Capricho nº 24 de Paganini,audio/violino/paganini_caprice.mp3,upload,,,,,avancado,,[],0,9,false,2026-02-13 18:01:39.533249
3b8ed2a5-c454-421a-9ab0-6906facb3e05,509d6a26-159a-4976-aa46-83f914f930aa,imagem,Postura do Violinista (rep),Demonstração da postura correta para tocar violino,img/violino/postura.jpg,upload,,,,,iniciante,,[],0,3,true,2026-02-13 18:01:39.533249
3bd55479-c3ea-4829-b11e-6a2d1ece7871,761a3318-9a5e-46f3-88f2-62159b96100c,video,Primeiros Passos no Violino,Aula básica de como segurar o violino e o arco,https://youtube.com/watch?v=violin_basics,youtube,,,,tutorial,iniciante,,[],0,4,true,2026-02-13 17:57:36.711969
3bee310c-682f-42c5-92c3-a4579b23ebe6,82052c70-0a9d-4d94-873e-3b402e032f55,audio,Capricho Paganini,Capricho nº 24 de Paganini,audio/violino/paganini_caprice.mp3,upload,,,,,avancado,,[],0,9,true,2026-02-13 17:57:36.711969
3c2919bf-6520-47e8-b63c-621304578f88,2abbd218-b737-410e-934b-f9c8f3d2b806,audio,Capricho Paganini,Capricho nº 24 de Paganini,audio/violino/paganini_caprice.mp3,upload,,,,,avancado,,[],0,9,true,2026-02-13 17:57:36.711969
3c369260-5464-455d-956f-f097cbd000b7,df42056c-8a3e-454c-aeca-73b4d608b85c,3d,Modelo 3D Violino,Modelo tridimensional interativo do violino,models/violino_3d.glb,upload,,,,,iniciante,,[],0,10,true,2026-02-13 18:01:39.533249
3c4c93b4-2f39-49db-9800-5d131791640d,b7425269-f2bb-454c-8c61-e3e9d028c9b4,imagem,Anatomia do Violino,Diagrama educativo das partes do violino,img/violino/anatomia.jpg,upload,,,,,iniciante,,[],0,2,false,2026-02-13 18:01:39.533249
3c602b8e-abad-454d-bbaa-78cbf575c63d,e48ad87b-d237-45e4-a707-05374c4240fa,audio,Capricho Paganini,Capricho nº 24 de Paganini,audio/violino/paganini_caprice.mp3,upload,,,,,avancado,,[],0,9,false,2026-02-13 18:01:39.533249
3c648088-246a-4509-899f-cef270ab23d0,3957c464-86dc-4aa2-9f09-57b5eb2a6c6a,audio,Concerto Tchaikovsky,Primeiro movimento do famoso concerto,audio/violino/tchaikovsky_concerto.mp3,upload,,,,,avancado,,[],0,8,false,2026-02-13 18:01:39.533249
3c766f96-d157-49ca-9eb8-5e49f691b956,492f792b-8d0c-46b7-a195-c8c32114696d,video,Ave Maria - Schubert,Performance clássica da famosa peça,https://youtube.com/watch?v=ave_maria_violin,youtube,,,,performance,intermediario,,[],0,6,false,2026-02-13 18:01:39.533249
3c7a6578-0242-444e-b0d5-7d79c9ced4cb,9c3a903d-8750-4ded-9341-c876a6d6de93,imagem,Postura do Violinista (rep),Demonstração da postura correta para tocar violino,img/violino/postura.jpg,upload,,,,,iniciante,,[],0,3,false,2026-02-13 18:01:39.533249
3c7fc708-0502-4830-9800-3c86cc0194a5,9edff4db-9ef5-43fc-970a-7d2086de223b,imagem,Viola — frontal,Foto frontal,media/viola/imagens/viola-front-01.jpg,local,,,,exemplo,iniciante,,,0,1,true,2025-09-22 11:48:23.651843
3c94671d-c496-4c35-9185-3a6d24a9b1c6,96b547b5-e685-40f8-952c-9dfce2ad4dc6,audio,Capricho Paganini,Capricho nº 24 de Paganini,audio/violino/paganini_caprice.mp3,upload,,,,,avancado,,[],0,9,true,2026-02-13 18:01:39.533249
3c9872d5-44d1-4b72-a026-28369e907a3c,26cadf44-6d7b-4f9b-85d6-6b2c40715f45,video,Improviso,Improvisação ao sax.,https://www.youtube.com/watch?v=saxofone10,youtube,,,,performance,avancado,300,"[""improviso"",""saxofone""]",0,0,true,2025-06-16 00:56:26.375072
3c99a0bb-d3a4-4427-8eee-909266e1f01d,0b9c8c6b-0e47-471c-b83b-01c931410692,video,Primeiros Passos no Violino,Aula básica de como segurar o violino e o arco,https://youtube.com/watch?v=violin_basics,youtube,,,,tutorial,iniciante,,[],0,4,true,2026-02-13 18:01:39.533249
3c9f2f63-7b17-422c-960b-48b0e56ddf35,4445b5c9-dcdf-4dd3-8ce6-bb04a22127ce,audio,Concerto Tchaikovsky (rep),Primeiro movimento do famoso concerto,audio/violino/tchaikovsky_concerto.mp3,upload,,,,,avancado,,[],0,8,false,2026-02-13 18:01:39.533249
3ccec6e8-5347-46e1-bb7f-a05f31ad36fd,850c53c4-2ed6-4a12-a4ff-3fbaecd6bf73,imagem,Vista lateral,Vista lateral do trombone.,/midias/trombone/lateral.jpg,upload,,,,tecnica,iniciante,,"[""estrutura"",""trombone""]",0,0,true,2025-06-20 13:43:29.669569
3ced4129-e6dd-4914-a7ba-14e753f01917,fb125188-c48e-4d89-a46e-11c3b600dabd,video,Violino no Jazz (rep),Improvisação jazzística no violino,https://youtube.com/watch?v=jazz_violin,youtube,,,,performance,avancado,,[],0,7,false,2026-02-13 18:01:39.533249
3cf6285a-a7d3-45db-b954-7ea0819d08c4,56e32061-7ed6-495d-9bc1-00cdb345b02e,imagem,Postura do Violinista (rep),Demonstração da postura correta para tocar violino,img/violino/postura.jpg,upload,,,,,iniciante,,[],0,3,false,2026-02-13 18:01:39.533249
3d29deaa-0e4b-4330-a4b5-1b416b750101,e48ad87b-d237-45e4-a707-05374c4240fa,imagem,Violino Stradivarius (rep),Violino clássico de luthier famoso mostrando detalhes da madeira,img/violino/stradivarius.jpg,upload,,,,,iniciante,,[],0,1,true,2026-02-13 18:01:39.533249
3d2bf350-d14c-49c7-9d81-3f30bf9c460d,8bd473f1-7b35-4b9e-869a-17fb73c6e047,imagem,Teclado desmontado,Partes internas do teclado.,/midias/teclado/desmontado.jpg,upload,,,,tecnica,iniciante,,"[""desmontado"",""teclado""]",0,0,true,2025-06-15 20:36:24.121938
3d407b66-a965-4fc3-a9c0-14f1dc6547fc,b73f1d80-3d73-487e-89b8-ab35274a8dd4,imagem,Contrabaixo em orquestra,Uso do contrabaixo em orquestra.,/midias/contrabaixo/orquestra.jpg,upload,,,,performance,intermediario,,"[""orquestra"",""contrabaixo""]",0,0,true,2025-06-16 05:28:34.120792
3d4de29b-9c72-441d-8560-91ea6c66123f,56e32061-7ed6-495d-9bc1-00cdb345b02e,audio,Capricho Paganini,Capricho nº 24 de Paganini,audio/violino/paganini_caprice.mp3,upload,,,,,avancado,,[],0,9,false,2026-02-13 18:01:39.533249
3d60f275-bc11-488e-99a8-b5cb4da7e08a,df49fd27-9bcd-4462-a0f8-b36f0ff9f97f,audio,Stairway to Heaven Solo,Um dos solos mais famosos da história do rock,audio/guitarra/stairway_solo.mp3,upload,,,,,avancado,,[],0,9,true,2025-06-09 04:29:36.307529
3d63e2db-a3f8-4bff-99b9-2ae4551012ab,35da6877-2528-4f37-9ab4-b44893ad1dbf,video,Ave Maria - Schubert (rep),Performance clássica da famosa peça,https://youtube.com/watch?v=ave_maria_violin,youtube,,,,performance,intermediario,,[],0,6,true,2026-02-13 18:01:39.533249
3d726ccf-c343-4bcf-9bcd-ae799e3efed4,36b9d36d-f65b-4ba1-89be-4ab3707e874c,imagem,Partes do fagote,Imagem com partes anotadas.,/midias/fagote/partes.jpg,upload,,,,tecnica,iniciante,,"[""anatomia"",""fagote""]",0,0,true,2025-06-20 02:48:24.932103
3d9a39ba-2844-465e-933c-62713d3191e7,df49fd27-9bcd-4462-a0f8-b36f0ff9f97f,imagem,Violino Stradivarius,Violino clássico de luthier famoso mostrando detalhes da madeira,img/violino/stradivarius.jpg,upload,,,,,iniciante,,[],0,1,true,2026-02-13 17:57:36.711969
3dab7cc5-5688-4306-a5b7-ba50ed50f528,4c61dc18-2b1e-48c8-8a2e-2c730679d4a5,video,Ave Maria - Schubert (rep),Performance clássica da famosa peça,https://youtube.com/watch?v=ave_maria_violin,youtube,,,,performance,intermediario,,[],0,6,false,2026-02-13 18:01:39.533249
3dae73ed-62f4-488f-8330-bce28b5cf0db,8fbba87d-39e1-4542-b8bb-7c815fdc2b9a,video,Ave Maria - Schubert (rep),Performance clássica da famosa peça,https://youtube.com/watch?v=ave_maria_violin,youtube,,,,performance,intermediario,,[],0,6,true,2026-02-13 18:01:39.533249
3dbe111f-dd6d-46da-af74-a754746c1d47,92ecdeff-3480-4f27-85cd-86f12622cf9f,3d,Modelo 3D Violino,Modelo tridimensional interativo do violino,models/violino_3d.glb,upload,,,,,iniciante,,[],0,10,true,2026-02-13 18:01:39.533249
3dd92b8f-05bb-4257-b2ee-2f72497bf97b,4bc1c064-fa97-43f5-b6d7-d466ca66635d,audio,Capricho Paganini,Capricho nº 24 de Paganini,audio/violino/paganini_caprice.mp3,upload,,,,,avancado,,[],0,9,true,2026-02-13 18:01:39.533249
3df5b887-b89b-43c5-9717-c525c3fe6855,4445b5c9-dcdf-4dd3-8ce6-bb04a22127ce,audio,Concerto Tchaikovsky,Primeiro movimento do famoso concerto,audio/violino/tchaikovsky_concerto.mp3,upload,,,,,avancado,,[],0,8,true,2026-02-13 18:01:39.533249
3e2339fd-8b9a-4c28-8647-d1a63c53e74b,f8653cdb-e2e7-479a-bfff-c8643859b866,audio,Concerto Tchaikovsky,Primeiro movimento do famoso concerto,audio/violino/tchaikovsky_concerto.mp3,upload,,,,,avancado,,[],0,8,true,2026-02-13 17:57:36.711969
3e3f0b89-186b-4ede-91a5-6305847a71a8,63ebeaeb-be5d-4c26-a5cf-f59b71423401,video,Primeiros Passos no Violino,Aula básica de como segurar o violino e o arco,https://youtube.com/watch?v=violin_basics,youtube,,,,tutorial,iniciante,,[],0,4,true,2026-02-13 18:01:39.533249
3e584c8e-64de-4a01-8e77-322f9e26d8a0,412c40b6-f4fc-4379-9d6f-5ce0ec2d669d,audio,Vibrato,Exemplo de vibrato.,/midias/violoncelo/vibrato.mp3,upload,,,,tecnica,intermediario,60,"[""vibrato"",""violoncelo""]",0,0,true,2025-06-15 19:35:06.847648
3e5cfa63-4618-463f-9c27-69dda610d19e,ee709f67-e4e4-4f9c-9001-7574e4d8dfa0,audio,Concerto Tchaikovsky,Primeiro movimento do famoso concerto,audio/violino/tchaikovsky_concerto.mp3,upload,,,,,avancado,,[],0,8,true,2026-02-13 18:01:39.533249
3e5da9fd-36d6-4b9c-9dfe-e605ff527448,8bd473f1-7b35-4b9e-869a-17fb73c6e047,video,Staccato,Notas destacadas.,https://www.youtube.com/watch?v=teclado4,youtube,,,,tecnica,iniciante,180,"[""staccato"",""teclado""]",0,0,true,2025-06-15 20:36:24.121938
3e5fb5cc-2ee6-4f96-bb1f-8328e99e1682,509d6a26-159a-4976-aa46-83f914f930aa,video,Embocadura,Como formar a embocadura no trompete.,https://www.youtube.com/watch?v=trompete2,youtube,,,,tecnica,iniciante,240,"[""embocadura"",""trompete""]",0,0,true,2025-06-16 04:03:06.911381
3e6bc0de-cef9-4e52-8bd1-08076941260d,87ee66bf-bb70-4e70-9aa3-4bff514ced4e,video,Ave Maria - Schubert,Performance clássica da famosa peça,https://youtube.com/watch?v=ave_maria_violin,youtube,,,,performance,intermediario,,[],0,6,true,2026-02-13 17:57:36.711969
3e8b97de-e143-4f4f-b8ff-0647be348ffb,8ddb4eea-18b9-4b8f-bb85-16a1f5474f87,video,Técnica de Vibrato (rep),Demonstração da técnica de vibrato no violino,https://youtube.com/watch?v=violin_vibrato,youtube,,,,tutorial,avancado,,[],0,5,true,2026-02-13 18:01:39.533249
3ec6e86d-f5ee-40bd-9966-696f658dd82f,c75fe646-ff86-4420-98f0-a0f25d39de45,imagem,Anatomia do Violino,Diagrama educativo das partes do violino,img/violino/anatomia.jpg,upload,,,,,iniciante,,[],0,2,true,2026-02-13 18:01:39.533249
3ed1ff39-bfdc-411a-8a65-23a6a8e87729,509d6a26-159a-4976-aa46-83f914f930aa,imagem,Violino Stradivarius (rep),Violino clássico de luthier famoso mostrando detalhes da madeira,img/violino/stradivarius.jpg,upload,,,,,iniciante,,[],0,1,true,2026-02-13 18:01:39.533249
3ee99dc3-8530-4915-8c3c-5ac8e5184c64,13912e91-7b48-4a8d-82b7-b59515c2a0d3,video,Ave Maria - Schubert,Performance clássica da famosa peça,https://youtube.com/watch?v=ave_maria_violin,youtube,,,,performance,intermediario,,[],0,6,true,2026-02-13 18:01:39.533249
3ef1027c-1de3-4af5-8f40-bf43102d9334,36b9d36d-f65b-4ba1-89be-4ab3707e874c,audio,Solo barroco,Trecho solo.,/midias/fagote/solo.mp3,upload,,,,performance,avancado,180,"[""solo"",""fagote""]",0,0,true,2025-06-20 02:48:24.932103
3f149f2d-e4a4-4b2a-99a0-0abd550ecd78,9b42a23b-ac7f-42e1-8a04-bde4c525fbde,audio,Expressão,Execução expressiva.,/midias/oboe/expressao.mp3,upload,,,,tecnica,intermediario,60,"[""expressao"",""oboe""]",0,0,true,2025-06-20 05:15:55.927047
3f59c687-004c-4652-bc1d-49d49926e19b,96b547b5-e685-40f8-952c-9dfce2ad4dc6,imagem,Postura do Violinista,Demonstração da postura correta para tocar violino,img/violino/postura.jpg,upload,,,,,iniciante,,[],0,3,true,2026-02-13 18:01:39.533249
3f6ccd07-8bfa-46fa-9c26-064a51b0f8e7,412c40b6-f4fc-4379-9d6f-5ce0ec2d669d,audio,Legato,Exemplo de legato.,/midias/violoncelo/legato.mp3,upload,,,,tecnica,iniciante,60,"[""legato"",""violoncelo""]",0,0,true,2025-06-15 19:35:06.847648
3f82aa91-2b07-4eaa-842b-bfa53e4a664d,3702e3f9-bc82-42b6-ae32-c770081b3ec2,imagem,Anatomia do Violino,Diagrama educativo das partes do violino,img/violino/anatomia.jpg,upload,,,,,iniciante,,[],0,2,true,2026-02-13 17:57:36.711969
3f923633-fcae-4685-a084-8693986ed5c8,0e52514e-58c3-463a-a6e4-f71a1439f9b7,video,Ave Maria - Schubert,Performance clássica da famosa peça,https://youtube.com/watch?v=ave_maria_violin,youtube,,,,performance,intermediario,,[],0,6,true,2026-02-13 17:57:36.711969
3fa11db8-c5ec-41b6-8e94-118b747cdd1e,56e32061-7ed6-495d-9bc1-00cdb345b02e,audio,Capricho Paganini,Capricho nº 24 de Paganini,audio/violino/paganini_caprice.mp3,upload,,,,,avancado,,[],0,9,true,2026-02-13 18:01:39.533249
3fa26934-b67f-43d1-a42c-725c1435fe78,92ecdeff-3480-4f27-85cd-86f12622cf9f,video,Primeiros Passos no Violino (rep),Aula básica de como segurar o violino e o arco,https://youtube.com/watch?v=violin_basics,youtube,,,,tutorial,iniciante,,[],0,4,false,2026-02-13 18:01:39.533249
3fb4561c-8fce-4281-b53e-dfe5dc7cf3a9,34f9e29b-3d22-464a-b31c-c3f4fbb73328,audio,Concerto Tchaikovsky (rep),Primeiro movimento do famoso concerto,audio/violino/tchaikovsky_concerto.mp3,upload,,,,,avancado,,[],0,8,false,2026-02-13 18:01:39.533249
40006c35-89d1-4430-89a2-2329ffaef98b,f8653cdb-e2e7-479a-bfff-c8643859b866,audio,Capricho Paganini,Capricho nº 24 de Paganini,audio/violino/paganini_caprice.mp3,upload,,,,,avancado,,[],0,9,true,2026-02-13 17:57:36.711969
400f539a-aaa5-4d1d-a1e9-85422b164046,32705505-7727-4d27-b7bd-b08e7c90c233,video,Primeiros Passos no Violino,Aula básica de como segurar o violino e o arco,https://youtube.com/watch?v=violin_basics,youtube,,,,tutorial,iniciante,,[],0,4,true,2026-02-13 18:01:39.533249
402897d1-0925-4973-aee6-7f20cae04b8d,e48ad87b-d237-45e4-a707-05374c4240fa,3d,Modelo 3D Violino,Modelo tridimensional interativo do violino,models/violino_3d.glb,upload,,,,,iniciante,,[],0,10,true,2026-02-13 18:01:39.533249
402a6cc8-5692-4f41-af5f-f1aadc9a850a,1f8c0a22-f3fc-4f51-8938-6e1cc6e24f85,imagem,Violino Stradivarius (rep),Violino clássico de luthier famoso mostrando detalhes da madeira,img/violino/stradivarius.jpg,upload,,,,,iniciante,,[],0,1,true,2026-02-13 18:01:39.533249
402ebc32-1844-42f9-bb89-cdb34798244b,4c61dc18-2b1e-48c8-8a2e-2c730679d4a5,audio,Capricho Paganini (rep),Capricho nº 24 de Paganini,audio/violino/paganini_caprice.mp3,upload,,,,,avancado,,[],0,9,false,2026-02-13 18:01:39.533249
40316ebc-e4c5-4c46-b9cc-3d5b3d9804f9,1b699036-0f72-4c48-9801-e01f6f25e165,imagem,Anatomia do Violino,Diagrama educativo das partes do violino,img/violino/anatomia.jpg,upload,,,,,iniciante,,[],0,2,true,2026-02-13 18:01:39.533249
40369c89-d6d1-499d-8f06-77e925de06b9,bee0f63a-e248-4f2c-9325-0a23cb3c5a8e,audio,Capricho Paganini (rep),Capricho nº 24 de Paganini,audio/violino/paganini_caprice.mp3,upload,,,,,avancado,,[],0,9,true,2026-02-13 18:01:39.533249
40596bdb-da7a-41c6-a6dc-cc9179289938,a0f53672-7d87-4ab4-a64f-b551fc1a380d,video,Ave Maria - Schubert,Performance clássica da famosa peça,https://youtube.com/watch?v=ave_maria_violin,youtube,,,,performance,intermediario,,[],0,6,true,2026-02-13 18:01:39.533249
405fefd8-f747-4187-8cc5-f97bc2b0f300,6925f61b-ba48-473a-b69a-e3548036c1df,imagem,Anatomia do Violino,Diagrama educativo das partes do violino,img/violino/anatomia.jpg,upload,,,,,iniciante,,[],0,2,true,2026-02-13 18:01:39.533249
4066433b-7a60-41d7-87ab-7aa18b693018,453ca164-6f0e-4554-b008-dd68bf4586c2,video,Ave Maria - Schubert,Performance clássica da famosa peça,https://youtube.com/watch?v=ave_maria_violin,youtube,,,,performance,intermediario,,[],0,6,true,2026-02-13 17:57:36.711969
408aab26-927b-4fe5-b7d0-99058ca7a63a,63ebeaeb-be5d-4c26-a5cf-f59b71423401,imagem,Anatomia do Violino,Diagrama educativo das partes do violino,img/violino/anatomia.jpg,upload,,,,,iniciante,,[],0,2,false,2026-02-13 18:01:39.533249
40988480-732f-496f-8276-e864592a849c,4bc1c064-fa97-43f5-b6d7-d466ca66635d,imagem,Postura do Violinista (rep),Demonstração da postura correta para tocar violino,img/violino/postura.jpg,upload,,,,,iniciante,,[],0,3,true,2026-02-13 18:01:39.533249
40a5592d-967b-4a05-a7ba-a3459ed99890,8ddb4eea-18b9-4b8f-bb85-16a1f5474f87,audio,Capricho Paganini,Capricho nº 24 de Paganini,audio/violino/paganini_caprice.mp3,upload,,,,,avancado,,[],0,9,true,2026-02-13 18:01:39.533249
40e8594b-c45b-45f6-9d13-2e1890142327,0e52514e-58c3-463a-a6e4-f71a1439f9b7,imagem,Postura do Violinista (rep),Demonstração da postura correta para tocar violino,img/violino/postura.jpg,upload,,,,,iniciante,,[],0,3,true,2026-02-13 18:01:39.533249
40fe571e-7f73-4cc8-bc86-dec1d9a89dc4,f8653cdb-e2e7-479a-bfff-c8643859b866,imagem,Postura do Violinista,Demonstração da postura correta para tocar violino,img/violino/postura.jpg,upload,,,,,iniciante,,[],0,3,true,2026-02-13 17:57:36.711969
41192cdf-3652-4ea4-8efd-e2268947f77b,6b11dc1a-295f-4458-9c08-2bcec09ff3ec,video,Violino no Jazz,Improvisação jazzística no violino,https://youtube.com/watch?v=jazz_violin,youtube,,,,performance,avancado,,[],0,7,true,2026-02-13 18:01:39.533249
4125e7c7-a09f-435d-92f7-b2c3081e2be0,9edff4db-9ef5-43fc-970a-7d2086de223b,audio,Concerto Tchaikovsky,Primeiro movimento do famoso concerto,audio/violino/tchaikovsky_concerto.mp3,upload,,,,,avancado,,[],0,8,false,2026-02-13 18:01:39.533249
41373a13-b604-463a-8f60-0b22d5bbfab9,4445b5c9-dcdf-4dd3-8ce6-bb04a22127ce,imagem,Anatomia do Violino,Diagrama educativo das partes do violino,img/violino/anatomia.jpg,upload,,,,,iniciante,,[],0,2,true,2026-02-13 18:01:39.533249
415b6efa-12ad-46e0-b071-4fcec87cc014,761a3318-9a5e-46f3-88f2-62159b96100c,video,Técnica de Vibrato,Demonstração da técnica de vibrato no violino,https://youtube.com/watch?v=violin_vibrato,youtube,,,,tutorial,avancado,,[],0,5,false,2026-02-13 18:01:39.533249
41643b76-2ad1-4dc8-9e15-fafce3dd68d7,ee709f67-e4e4-4f9c-9001-7574e4d8dfa0,audio,Capricho Paganini (rep),Capricho nº 24 de Paganini,audio/violino/paganini_caprice.mp3,upload,,,,,avancado,,[],0,9,true,2026-02-13 18:01:39.533249
4193dc76-a735-4034-ae18-d9bc7f7a8192,63ebeaeb-be5d-4c26-a5cf-f59b71423401,audio,Concerto Tchaikovsky,Primeiro movimento do famoso concerto,audio/violino/tchaikovsky_concerto.mp3,upload,,,,,avancado,,[],0,8,true,2026-02-13 17:57:36.711969
41cb7b57-bf5b-4a26-94bc-cd4bf2097be1,35aff373-706c-47d8-8004-d8edcddb1e0c,imagem,Baixo em banda,Baixo elétrico em banda.,/midias/baixo/banda.jpg,upload,,,,performance,intermediario,,"[""banda"",""baixo""]",0,0,true,2025-06-16 04:38:10.049188
41ce783f-777b-4ef9-8ff9-cc508959385a,2abbd218-b737-410e-934b-f9c8f3d2b806,video,Primeiros Passos no Violino,Aula básica de como segurar o violino e o arco,https://youtube.com/watch?v=violin_basics,youtube,,,,tutorial,iniciante,,[],0,4,false,2026-02-13 18:01:39.533249
41f47536-f20d-4a5e-a86d-c1c0879a1d2b,86f83611-c0db-470c-87e7-31ee81b1a009,imagem,Violino Stradivarius,Violino clássico de luthier famoso mostrando detalhes da madeira,img/violino/stradivarius.jpg,upload,,,,,iniciante,,[],0,1,false,2026-02-13 18:01:39.533249
4209cce9-9cdf-45eb-9c4d-bee47b8620d8,bc665a4e-e301-44d3-b8bf-decb09422d71,video,Primeiros Passos no Violino,Aula básica de como segurar o violino e o arco,https://youtube.com/watch?v=violin_basics,youtube,,,,tutorial,iniciante,,[],0,4,true,2026-02-13 18:01:39.533249
42188d82-e4ac-4aa0-8bda-c6b4b9c5b5de,b7425269-f2bb-454c-8c61-e3e9d028c9b4,audio,Capricho Paganini,Capricho nº 24 de Paganini,audio/violino/paganini_caprice.mp3,upload,,,,,avancado,,[],0,9,true,2026-02-13 18:01:39.533249
42259f2e-bfcf-4741-ae18-847fd4ef08b7,9b42a23b-ac7f-42e1-8a04-bde4c525fbde,video,Respiração e embocadura,Controle do ar e embocadura.,https://www.youtube.com/watch?v=oboe2,youtube,,,,tecnica,iniciante,240,"[""respiracao"",""oboe""]",0,0,true,2025-06-20 05:15:55.927047
4227bb84-8631-4b39-bba8-b34b415fee30,b7425269-f2bb-454c-8c61-e3e9d028c9b4,imagem,Violino Stradivarius (rep),Violino clássico de luthier famoso mostrando detalhes da madeira,img/violino/stradivarius.jpg,upload,,,,,iniciante,,[],0,1,true,2026-02-13 18:01:39.533249
422ef344-5e19-4b7f-b7ff-ca91ccde80de,26cadf44-6d7b-4f9b-85d6-6b2c40715f45,video,Sax em banda,Performance em banda.,https://www.youtube.com/watch?v=saxofone7,youtube,,,,performance,avancado,600,"[""banda"",""saxofone""]",0,0,true,2025-06-16 00:56:26.375072
42d37666-3d15-4dd7-bcf4-3038d35394b9,57d10b2f-c49f-460d-8fab-3da3065c15c2,video,Violino no Jazz,Improvisação jazzística no violino,https://youtube.com/watch?v=jazz_violin,youtube,,,,performance,avancado,,[],0,7,true,2026-02-13 17:57:36.711969
42e0ec71-2640-4a64-b914-75a40cb7cafe,761a3318-9a5e-46f3-88f2-62159b96100c,video,Ave Maria - Schubert,Performance clássica da famosa peça,https://youtube.com/watch?v=ave_maria_violin,youtube,,,,performance,intermediario,,[],0,6,false,2026-02-13 18:01:39.533249
42e2dc2e-ca9b-4b16-aee6-eab8f8c5000f,850c53c4-2ed6-4a12-a4ff-3fbaecd6bf73,video,Solo jazz,Improviso em jazz.,https://www.youtube.com/watch?v=trombone7,youtube,,,,performance,avancado,300,"[""solo"",""trombone""]",0,0,true,2025-06-20 13:43:29.669569
42e660e6-b6ad-4fc5-8793-c9175019ef42,11a7bc0c-232f-40dc-92ac-4d15aebd2d52,video,Técnica de Vibrato (rep),Demonstração da técnica de vibrato no violino,https://youtube.com/watch?v=violin_vibrato,youtube,,,,tutorial,avancado,,[],0,5,false,2026-02-13 18:01:39.533249
43410718-6d6e-44f5-9f4f-79184dbd144b,9edff4db-9ef5-43fc-970a-7d2086de223b,3d,Modelo 3D Violino,Modelo tridimensional interativo do violino,models/violino_3d.glb,upload,,,,,iniciante,,[],0,10,false,2026-02-13 18:01:39.533249
434157f3-f5b3-4476-b1d3-a09352e0e710,57d10b2f-c49f-460d-8fab-3da3065c15c2,audio,Capricho Paganini (rep),Capricho nº 24 de Paganini,audio/violino/paganini_caprice.mp3,upload,,,,,avancado,,[],0,9,true,2026-02-13 18:01:39.533249
437ee9be-b3a1-4c3e-8716-a67016a958e0,96b547b5-e685-40f8-952c-9dfce2ad4dc6,audio,Concerto Tchaikovsky,Primeiro movimento do famoso concerto,audio/violino/tchaikovsky_concerto.mp3,upload,,,,,avancado,,[],0,8,true,2026-02-13 18:01:39.533249
4380b2e6-c78a-4b87-8cbb-71d885bb67ca,13912e91-7b48-4a8d-82b7-b59515c2a0d3,3d,Modelo 3D Violino,Modelo tridimensional interativo do violino,models/violino_3d.glb,upload,,,,,iniciante,,[],0,10,false,2026-02-13 18:01:39.533249
4386125b-4842-410c-95e6-c5235ed39b41,80436b4f-15c1-452f-9442-34e42b5117e4,imagem,Postura do Violinista,Demonstração da postura correta para tocar violino,img/violino/postura.jpg,upload,,,,,iniciante,,[],0,3,true,2025-06-09 03:41:34.794455
438f8d8c-e208-48ce-b483-77936bb81b93,1b699036-0f72-4c48-9801-e01f6f25e165,audio,Capricho Paganini,Capricho nº 24 de Paganini,audio/violino/paganini_caprice.mp3,upload,,,,,avancado,,[],0,9,true,2026-02-13 18:01:39.533249
439b10b9-4b2c-4b23-9306-19bfee1f8fc2,9c3a903d-8750-4ded-9341-c876a6d6de93,video,Ave Maria - Schubert,Performance clássica da famosa peça,https://youtube.com/watch?v=ave_maria_violin,youtube,,,,performance,intermediario,,[],0,6,true,2026-02-13 18:01:39.533249
43a61389-9478-49e4-8cb6-249eba32e79b,92ecdeff-3480-4f27-85cd-86f12622cf9f,imagem,Anatomia do Violino,Diagrama educativo das partes do violino,img/violino/anatomia.jpg,upload,,,,,iniciante,,[],0,2,true,2026-02-13 18:01:39.533249
43be8e9e-ca92-4ec8-ba5f-dd620d3ffc75,56f643e0-a3e2-4067-84ac-334c454426f8,audio,Concerto Tchaikovsky,Primeiro movimento do famoso concerto,audio/violino/tchaikovsky_concerto.mp3,upload,,,,,avancado,,[],0,8,true,2026-02-13 18:01:39.533249
43c139f3-62a4-4d93-9810-545d793af3aa,509d6a26-159a-4976-aa46-83f914f930aa,imagem,Violino Stradivarius,Violino clássico de luthier famoso mostrando detalhes da madeira,img/violino/stradivarius.jpg,upload,,,,,iniciante,,[],0,1,true,2026-02-13 17:57:36.711969
43c7976c-2021-47ba-b068-24cb65d6c3c7,850c53c4-2ed6-4a12-a4ff-3fbaecd6bf73,imagem,Trombone solo,Apresentação solo.,/midias/trombone/solo.jpg,upload,,,,performance,avancado,,"[""solo"",""trombone""]",0,0,true,2025-06-20 13:43:29.669569
43dc4da2-a550-433f-badf-c9386ae03050,761a3318-9a5e-46f3-88f2-62159b96100c,audio,Concerto Tchaikovsky,Primeiro movimento do famoso concerto,audio/violino/tchaikovsky_concerto.mp3,upload,,,,,avancado,,[],0,8,true,2026-02-13 18:01:39.533249
43e93eda-c2f7-446c-9833-40323c8bee05,7b6ae164-dfdf-452d-a5c3-d01554861444,video,Ave Maria - Schubert,Performance clássica da famosa peça,https://youtube.com/watch?v=ave_maria_violin,youtube,,,,performance,intermediario,,[],0,6,true,2026-02-13 18:01:39.533249
4400b689-1c58-47ac-81e6-62045b491587,0b9c8c6b-0e47-471c-b83b-01c931410692,imagem,Postura do Violinista,Demonstração da postura correta para tocar violino,img/violino/postura.jpg,upload,,,,,iniciante,,[],0,3,true,2026-02-13 17:57:36.711969
440370be-dbb5-4269-9cc5-b4ab3d7a8da8,750450cf-e14e-4f02-944e-b3c1bb0f87a4,video,Primeiros Passos no Violino,Aula básica de como segurar o violino e o arco,https://youtube.com/watch?v=violin_basics,youtube,,,,tutorial,iniciante,,[],0,4,false,2026-02-13 18:01:39.533249
4414c0a6-5398-42cc-bff1-72c7da86623b,0e52514e-58c3-463a-a6e4-f71a1439f9b7,audio,Capricho Paganini,Capricho nº 24 de Paganini,audio/violino/paganini_caprice.mp3,upload,,,,,avancado,,[],0,9,true,2026-02-13 17:57:36.711969
44189825-5585-4ff9-8378-a2fbc9bf8c7b,26cadf44-6d7b-4f9b-85d6-6b2c40715f45,imagem,Partes do saxofone,Imagem com as partes anotadas.,/midias/saxofone/partes.jpg,upload,,,,tecnica,iniciante,,"[""anatomia"",""saxofone""]",0,0,true,2025-06-16 00:56:26.375072
443fa82b-55a6-49c0-b147-8d65e3edb6bb,b7425269-f2bb-454c-8c61-e3e9d028c9b4,video,Técnica de Vibrato,Demonstração da técnica de vibrato no violino,https://youtube.com/watch?v=violin_vibrato,youtube,,,,tutorial,avancado,,[],0,5,true,2026-02-13 18:01:39.533249
44423851-2c76-4953-ad9f-ca2c88827c5c,0b9c8c6b-0e47-471c-b83b-01c931410692,video,Violino no Jazz,Improvisação jazzística no violino,https://youtube.com/watch?v=jazz_violin,youtube,,,,performance,avancado,,[],0,7,true,2026-02-13 17:57:36.711969
444755aa-1c36-4457-a2a5-35034e22512c,57d10b2f-c49f-460d-8fab-3da3065c15c2,audio,Capricho Paganini,Capricho nº 24 de Paganini,audio/violino/paganini_caprice.mp3,upload,,,,,avancado,,[],0,9,true,2026-02-13 18:01:39.533249
446f7fa3-c958-44dd-9ada-1ab7adc95313,9edff4db-9ef5-43fc-970a-7d2086de223b,video,Demonstração — legato,Conexão suave,https://youtu.be/VID_VIOLA_LEGATO,youtube,,,,tutorial,iniciante,45,,0,7,true,2025-09-22 11:48:23.651843
4491b207-b688-4058-9861-9ca2f240c5bf,ab9720a5-1973-484e-9a44-d4aa62594336,imagem,Piano Forte de Cristofori,Primeiro piano criado por Bartolomeo Cristofori em 1700,/images/piano/cristofori_1700.jpg,upload,,,,historia,iniciante,,"[""historia"",""cristofori"",""origem""]",0,0,true,2025-06-08 15:18:29.330868
4496d595-3e43-4034-a123-2e0beead5f5d,8bd473f1-7b35-4b9e-869a-17fb73c6e047,audio,Solo,Trecho solo.,/midias/teclado/solo.mp3,upload,,,,performance,avancado,180,"[""solo"",""teclado""]",0,0,true,2025-06-15 20:36:24.121938
44a851c9-f124-4e43-b786-fdda9fdab576,87ee66bf-bb70-4e70-9aa3-4bff514ced4e,imagem,Postura do Violinista (rep),Demonstração da postura correta para tocar violino,img/violino/postura.jpg,upload,,,,,iniciante,,[],0,3,false,2026-02-13 18:01:39.533249
44cc6384-4648-49a2-82d9-a4f425a700be,26cadf44-6d7b-4f9b-85d6-6b2c40715f45,video,Solo,Apresentação solo.,https://www.youtube.com/watch?v=saxofone9,youtube,,,,performance,avancado,300,"[""solo"",""saxofone""]",0,0,false,2025-06-16 00:57:47.581967
44d092d5-501f-4d1d-86d6-ec8559a6b80f,3e02292d-bd2f-46ed-9b9e-a0c8b0acd996,3d,Modelo 3D Violino,Modelo tridimensional interativo do violino,models/violino_3d.glb,upload,,,,,iniciante,,[],0,10,false,2026-02-13 18:01:39.533249
44f1b6f3-fbf0-4137-999d-2f966c22e8f5,57d10b2f-c49f-460d-8fab-3da3065c15c2,imagem,Postura do Violinista (rep),Demonstração da postura correta para tocar violino,img/violino/postura.jpg,upload,,,,,iniciante,,[],0,3,true,2026-02-13 18:01:39.533249
44f1f66d-a933-44f2-aa41-3591a4d22d2a,8fbba87d-39e1-4542-b8bb-7c815fdc2b9a,video,Violino no Jazz,Improvisação jazzística no violino,https://youtube.com/watch?v=jazz_violin,youtube,,,,performance,avancado,,[],0,7,false,2026-02-13 18:01:39.533249
451ef99f-1185-417c-a552-3496f28f3e1b,412c40b6-f4fc-4379-9d6f-5ce0ec2d669d,audio,Escala Dó maior,Escala completa.,/midias/violoncelo/escala_do.mp3,upload,,,,tecnica,iniciante,60,"[""escala"",""violoncelo""]",0,0,true,2025-06-15 19:35:06.847648
4526e960-3c79-41a4-8344-66e6ccdfe218,11a7bc0c-232f-40dc-92ac-4d15aebd2d52,3d,Modelo 3D Violino,Modelo tridimensional interativo do violino,models/violino_3d.glb,upload,,,,,iniciante,,[],0,10,true,2026-02-13 18:01:39.533249
453d3202-a90f-4096-a244-be9bef9aaeab,cca87ab1-8ad4-4876-a8d8-190f85927952,audio,Concerto Tchaikovsky,Primeiro movimento do famoso concerto,audio/violino/tchaikovsky_concerto.mp3,upload,,,,,avancado,,[],0,8,false,2026-02-13 18:01:39.533249
45733048-9ac6-4b5d-90b4-38abb2df7ca8,bc665a4e-e301-44d3-b8bf-decb09422d71,video,Violino no Jazz,Improvisação jazzística no violino,https://youtube.com/watch?v=jazz_violin,youtube,,,,performance,avancado,,[],0,7,true,2026-02-13 18:01:39.533249
45772931-47b8-4195-be06-4c5ba68e5c24,bc665a4e-e301-44d3-b8bf-decb09422d71,audio,Capricho Paganini,Capricho nº 24 de Paganini,audio/violino/paganini_caprice.mp3,upload,,,,,avancado,,[],0,9,true,2026-02-13 17:57:36.711969
458cda5a-52b2-4b23-b10a-6c4aa6292f91,750450cf-e14e-4f02-944e-b3c1bb0f87a4,video,Técnica de Vibrato,Demonstração da técnica de vibrato no violino,https://youtube.com/watch?v=violin_vibrato,youtube,,,,tutorial,avancado,,[],0,5,true,2026-02-13 17:57:36.711969
458d4706-b308-48f5-bb1f-7d5dccea8ca7,bc665a4e-e301-44d3-b8bf-decb09422d71,3d,Modelo 3D Violino,Modelo tridimensional interativo do violino,models/violino_3d.glb,upload,,,,,iniciante,,[],0,10,true,2026-02-13 18:01:39.533249
45a39467-1b6a-4e84-af93-5f9a6cb606ee,a0f53672-7d87-4ab4-a64f-b551fc1a380d,audio,Concerto Tchaikovsky,Primeiro movimento do famoso concerto,audio/violino/tchaikovsky_concerto.mp3,upload,,,,,avancado,,[],0,8,true,2026-02-13 18:01:39.533249
45a4cc42-05ea-4947-b1d9-fc65be147f9f,412c40b6-f4fc-4379-9d6f-5ce0ec2d669d,video,Pizzicato,Demonstração da técnica pizzicato.,https://www.youtube.com/watch?v=violoncelo3,youtube,,,,tecnica,iniciante,180,"[""pizzicato"",""violoncelo""]",0,0,true,2025-06-15 19:35:06.847648
45c94e91-6f99-466c-9c0a-0e5dce0f2647,e48ad87b-d237-45e4-a707-05374c4240fa,video,Violino no Jazz,Improvisação jazzística no violino,https://youtube.com/watch?v=jazz_violin,youtube,,,,performance,avancado,,[],0,7,false,2026-02-13 18:01:39.533249
45f31362-781a-430f-9ab2-f96223234616,794f42a6-619a-4ca3-8f1b-c3ac7a9e7a08,audio,Legato,Execução legato.,/midias/flauta/legato.mp3,upload,,,,tecnica,iniciante,60,"[""legato"",""flauta""]",0,0,true,2025-06-15 19:42:58.828009
45f39363-e21d-4103-8376-cc248f780b8a,df42056c-8a3e-454c-aeca-73b4d608b85c,3d,Modelo 3D Violino (rep),Modelo tridimensional interativo do violino,models/violino_3d.glb,upload,,,,,iniciante,,[],0,10,true,2026-02-13 18:01:39.533249
4644161d-8c4e-4597-a4e0-ce27137e8343,8fbba87d-39e1-4542-b8bb-7c815fdc2b9a,video,Ave Maria - Schubert,Performance clássica da famosa peça,https://youtube.com/watch?v=ave_maria_violin,youtube,,,,performance,intermediario,,[],0,6,false,2026-02-13 18:01:39.533249
46813050-707f-4d24-97cf-ce6493081ac8,87ee66bf-bb70-4e70-9aa3-4bff514ced4e,audio,Capricho Paganini,Capricho nº 24 de Paganini,audio/violino/paganini_caprice.mp3,upload,,,,,avancado,,[],0,9,true,2026-02-13 18:01:39.533249
46853605-2948-4762-b5e4-b4b9571211a7,b73f1d80-3d73-487e-89b8-ab35274a8dd4,audio,Escala de Dó,Escala completa.,/midias/contrabaixo/escala_do.mp3,upload,,,,tecnica,iniciante,60,"[""escala"",""contrabaixo""]",0,0,true,2025-06-16 05:28:34.120792
46923032-bfe2-4294-9fd5-7f11424c27aa,36040329-1aa6-428a-ad39-cd85de03493e,imagem,Anatomia do Violino,Diagrama educativo das partes do violino,img/violino/anatomia.jpg,upload,,,,,iniciante,,[],0,2,true,2026-02-13 17:57:36.711969
46cda6f8-7016-4cca-a883-63315c76b421,32705505-7727-4d27-b7bd-b08e7c90c233,video,Primeiros Passos no Violino,Aula básica de como segurar o violino e o arco,https://youtube.com/watch?v=violin_basics,youtube,,,,tutorial,iniciante,,[],0,4,true,2026-02-13 17:57:36.711969
46de11a6-69a7-4c19-98dc-27fc6b038126,bee0f63a-e248-4f2c-9325-0a23cb3c5a8e,video,Violino no Jazz (rep),Improvisação jazzística no violino,https://youtube.com/watch?v=jazz_violin,youtube,,,,performance,avancado,,[],0,7,true,2026-02-13 18:01:39.533249
46e18535-8134-4038-94f4-1d84255d3de8,36b9d36d-f65b-4ba1-89be-4ab3707e874c,audio,Expressão,Execução expressiva.,/midias/fagote/expressao.mp3,upload,,,,tecnica,intermediario,60,"[""expressao"",""fagote""]",0,0,true,2025-06-20 02:48:24.932103
46f7af73-f51e-4719-b4d3-bbecaaf87371,87ee66bf-bb70-4e70-9aa3-4bff514ced4e,3d,Modelo 3D Violino (rep),Modelo tridimensional interativo do violino,models/violino_3d.glb,upload,,,,,iniciante,,[],0,10,false,2026-02-13 18:01:39.533249
47400648-895b-449f-92c1-082449e96a79,e48ad87b-d237-45e4-a707-05374c4240fa,video,Primeiros Passos no Violino,Aula básica de como segurar o violino e o arco,https://youtube.com/watch?v=violin_basics,youtube,,,,tutorial,iniciante,,[],0,4,true,2026-02-13 17:57:36.711969
474dbf11-a3ff-41d5-a961-8e43335c985d,56f643e0-a3e2-4067-84ac-334c454426f8,imagem,Postura do Violinista,Demonstração da postura correta para tocar violino,img/violino/postura.jpg,upload,,,,,iniciante,,[],0,3,true,2026-02-13 18:01:39.533249
4753fd97-d494-4573-a7d1-8ad5eb4d3b74,4bc1c064-fa97-43f5-b6d7-d466ca66635d,audio,Capricho Paganini,Capricho nº 24 de Paganini,audio/violino/paganini_caprice.mp3,upload,,,,,avancado,,[],0,9,false,2026-02-13 18:01:39.533249
4770f943-3282-44ab-b32b-f4a66e9f396e,4bc1c064-fa97-43f5-b6d7-d466ca66635d,audio,Capricho Paganini (rep),Capricho nº 24 de Paganini,audio/violino/paganini_caprice.mp3,upload,,,,,avancado,,[],0,9,true,2026-02-13 18:01:39.533249
477229a8-0cbf-4932-855b-0b7c3c6542ca,ee709f67-e4e4-4f9c-9001-7574e4d8dfa0,imagem,Postura do Violinista,Demonstração da postura correta para tocar violino,img/violino/postura.jpg,upload,,,,,iniciante,,[],0,3,true,2026-02-13 17:57:36.711969
479e0d9e-5116-448c-b89d-1bba375566ce,1f8c0a22-f3fc-4f51-8938-6e1cc6e24f85,video,Técnica de Vibrato,Demonstração da técnica de vibrato no violino,https://youtube.com/watch?v=violin_vibrato,youtube,,,,tutorial,avancado,,[],0,5,false,2026-02-13 18:01:39.533249
47a641ac-3e42-49a7-9f71-b418dfcbe5e0,174f6ed4-3c21-444a-acfa-5149f53f2ca0,imagem,Anatomia do Violino,Diagrama educativo das partes do violino,img/violino/anatomia.jpg,upload,,,,,iniciante,,[],0,2,true,2026-02-13 18:01:39.533249
47aa5e73-48b7-49f5-a6ef-7d5b00cd455c,96b547b5-e685-40f8-952c-9dfce2ad4dc6,video,Técnica de Vibrato,Demonstração da técnica de vibrato no violino,https://youtube.com/watch?v=violin_vibrato,youtube,,,,tutorial,avancado,,[],0,5,false,2026-02-13 18:01:39.533249
47afc189-8eff-4be4-a4aa-885fd6169a11,36b9d36d-f65b-4ba1-89be-4ab3707e874c,imagem,Fagote frontal,Foto do fagote completo.,/midias/fagote/frontal.jpg,upload,,,,tecnica,iniciante,,"[""fagote"",""estrutura""]",0,0,true,2025-06-20 02:48:24.932103
47b6679e-f9e2-48dc-9f4b-96ef22161e7c,2abbd218-b737-410e-934b-f9c8f3d2b806,imagem,Violino Stradivarius,Violino clássico de luthier famoso mostrando detalhes da madeira,img/violino/stradivarius.jpg,upload,,,,,iniciante,,[],0,1,false,2026-02-13 18:01:39.533249
47c05104-6a13-426a-babd-9e3b1d619d08,bc665a4e-e301-44d3-b8bf-decb09422d71,video,Técnica de Vibrato,Demonstração da técnica de vibrato no violino,https://youtube.com/watch?v=violin_vibrato,youtube,,,,tutorial,avancado,,[],0,5,true,2026-02-13 17:57:36.711969
47d33a29-aa59-4b07-9b0a-743db4a4cafa,3957c464-86dc-4aa2-9f09-57b5eb2a6c6a,audio,Capricho Paganini,Capricho nº 24 de Paganini,audio/violino/paganini_caprice.mp3,upload,,,,,avancado,,[],0,9,false,2026-02-13 18:01:39.533249
47d86118-b579-4b66-a882-cde9b2908975,b7425269-f2bb-454c-8c61-e3e9d028c9b4,3d,Modelo 3D Violino (rep),Modelo tridimensional interativo do violino,models/violino_3d.glb,upload,,,,,iniciante,,[],0,10,false,2026-02-13 18:01:39.533249
4856febc-4efc-441f-b90a-71a5413e9844,0e52514e-58c3-463a-a6e4-f71a1439f9b7,video,Técnica de Vibrato,Demonstração da técnica de vibrato no violino,https://youtube.com/watch?v=violin_vibrato,youtube,,,,tutorial,avancado,,[],0,5,true,2026-02-13 18:01:39.533249
485ef8d4-4125-4d25-a56d-5b7ab93234b6,13912e91-7b48-4a8d-82b7-b59515c2a0d3,video,Primeiros Passos no Violino (rep),Aula básica de como segurar o violino e o arco,https://youtube.com/watch?v=violin_basics,youtube,,,,tutorial,iniciante,,[],0,4,true,2026-02-13 18:01:39.533249
4860781f-027f-4c37-88ad-a71a724ee6d7,0b9c8c6b-0e47-471c-b83b-01c931410692,audio,Capricho Paganini (rep),Capricho nº 24 de Paganini,audio/violino/paganini_caprice.mp3,upload,,,,,avancado,,[],0,9,false,2026-02-13 18:01:39.533249
48713b72-2c76-40b1-bec9-787e4c8d1f79,df42056c-8a3e-454c-aeca-73b4d608b85c,imagem,Violino Stradivarius (rep),Violino clássico de luthier famoso mostrando detalhes da madeira,img/violino/stradivarius.jpg,upload,,,,,iniciante,,[],0,1,false,2026-02-13 18:01:39.533249
48766c57-3510-43e3-9364-e8973740bf8a,2abbd218-b737-410e-934b-f9c8f3d2b806,video,Técnica de Vibrato,Demonstração da técnica de vibrato no violino,https://youtube.com/watch?v=violin_vibrato,youtube,,,,tutorial,avancado,,[],0,5,false,2026-02-13 18:01:39.533249
4894e363-984f-4ccc-9131-09488263a75d,e48ad87b-d237-45e4-a707-05374c4240fa,video,Violino no Jazz,Improvisação jazzística no violino,https://youtube.com/watch?v=jazz_violin,youtube,,,,performance,avancado,,[],0,7,true,2026-02-13 18:01:39.533249
489a6b60-e28f-4bef-9ad7-c33d01b9f0d1,3e02292d-bd2f-46ed-9b9e-a0c8b0acd996,imagem,Violino Stradivarius,Violino clássico de luthier famoso mostrando detalhes da madeira,img/violino/stradivarius.jpg,upload,,,,,iniciante,,[],0,1,true,2026-02-13 17:57:36.711969
48a270f5-ed71-4f7a-bb0b-cbd0e2f0af3c,57d10b2f-c49f-460d-8fab-3da3065c15c2,video,Ave Maria - Schubert,Performance clássica da famosa peça,https://youtube.com/watch?v=ave_maria_violin,youtube,,,,performance,intermediario,,[],0,6,true,2026-02-13 18:01:39.533249
48a9fe16-4503-40a2-b75e-5f149a5bd702,8fbba87d-39e1-4542-b8bb-7c815fdc2b9a,3d,Modelo 3D Violino,Modelo tridimensional interativo do violino,models/violino_3d.glb,upload,,,,,iniciante,,[],0,10,true,2026-02-13 18:01:39.533249
48c12649-a06a-454e-9a4f-91aff18c08ce,ee709f67-e4e4-4f9c-9001-7574e4d8dfa0,video,Primeiros Passos no Violino,Aula básica de como segurar o violino e o arco,https://youtube.com/watch?v=violin_basics,youtube,,,,tutorial,iniciante,,[],0,4,true,2026-02-13 18:01:39.533249
48dd5e37-155b-4397-979a-bdd13fd262ff,0b9c8c6b-0e47-471c-b83b-01c931410692,video,Violino no Jazz (rep),Improvisação jazzística no violino,https://youtube.com/watch?v=jazz_violin,youtube,,,,performance,avancado,,[],0,7,true,2026-02-13 18:01:39.533249
48eaa1c8-5646-476a-be18-6ef31673726b,174f6ed4-3c21-444a-acfa-5149f53f2ca0,video,Técnica de Vibrato,Demonstração da técnica de vibrato no violino,https://youtube.com/watch?v=violin_vibrato,youtube,,,,tutorial,avancado,,[],0,5,false,2026-02-13 18:01:39.533249
49114e9e-1200-4204-b002-1b822ce9042f,0b9c8c6b-0e47-471c-b83b-01c931410692,video,Técnica de Vibrato,Demonstração da técnica de vibrato no violino,https://youtube.com/watch?v=violin_vibrato,youtube,,,,tutorial,avancado,,[],0,5,true,2026-02-13 18:01:39.533249
4928b27f-6b6c-41fe-8663-a41e34772621,4c61dc18-2b1e-48c8-8a2e-2c730679d4a5,imagem,Violino Stradivarius,Violino clássico de luthier famoso mostrando detalhes da madeira,img/violino/stradivarius.jpg,upload,,,,,iniciante,,[],0,1,true,2026-02-13 18:01:39.533249
494bcbf2-4efc-47eb-8c3c-3bc2dbb7d730,92ecdeff-3480-4f27-85cd-86f12622cf9f,video,Técnica de Vibrato,Demonstração da técnica de vibrato no violino,https://youtube.com/watch?v=violin_vibrato,youtube,,,,tutorial,avancado,,[],0,5,true,2026-02-13 18:01:39.533249
494eb449-dcf8-4331-8239-d0b3ec189cf0,0e52514e-58c3-463a-a6e4-f71a1439f9b7,audio,Capricho Paganini (rep),Capricho nº 24 de Paganini,audio/violino/paganini_caprice.mp3,upload,,,,,avancado,,[],0,9,true,2026-02-13 18:01:39.533249
498f4131-96ba-412d-99da-99d4bc5c291e,87ee66bf-bb70-4e70-9aa3-4bff514ced4e,audio,Concerto Tchaikovsky,Primeiro movimento do famoso concerto,audio/violino/tchaikovsky_concerto.mp3,upload,,,,,avancado,,[],0,8,true,2026-02-13 17:57:36.711969
49a6f8ba-e657-4208-8e11-40f8d4040c57,26cadf44-6d7b-4f9b-85d6-6b2c40715f45,audio,Staccato,Execução staccato.,/midias/saxofone/staccato.mp3,upload,,,,tecnica,iniciante,60,"[""staccato"",""saxofone""]",0,0,false,2025-06-16 00:57:47.581967
49bdb8d6-b747-4e44-a03f-202288440e3a,1f8c0a22-f3fc-4f51-8938-6e1cc6e24f85,imagem,Postura do Violinista (rep),Demonstração da postura correta para tocar violino,img/violino/postura.jpg,upload,,,,,iniciante,,[],0,3,true,2026-02-13 18:01:39.533249
49c97c1e-e568-4337-9962-4a56b97e025e,3702e3f9-bc82-42b6-ae32-c770081b3ec2,3d,Modelo 3D Violino,Modelo tridimensional interativo do violino,models/violino_3d.glb,upload,,,,,iniciante,,[],0,10,false,2026-02-13 18:01:39.533249
49e21dbe-0598-4651-86e4-5f73fea200f4,6925f61b-ba48-473a-b69a-e3548036c1df,video,Violino no Jazz (rep),Improvisação jazzística no violino,https://youtube.com/watch?v=jazz_violin,youtube,,,,performance,avancado,,[],0,7,true,2026-02-13 18:01:39.533249
4a0c82d5-5388-420c-97d6-8eef47a0f927,56e32061-7ed6-495d-9bc1-00cdb345b02e,imagem,Violino Stradivarius,Violino clássico de luthier famoso mostrando detalhes da madeira,img/violino/stradivarius.jpg,upload,,,,,iniciante,,[],0,1,true,2026-02-13 18:01:39.533249
4a0d6daa-b02b-409d-a19b-cbc6004bee88,34f9e29b-3d22-464a-b31c-c3f4fbb73328,video,Violino no Jazz (rep),Improvisação jazzística no violino,https://youtube.com/watch?v=jazz_violin,youtube,,,,performance,avancado,,[],0,7,false,2026-02-13 18:01:39.533249
4a34fb2c-196b-43bf-850b-94a6c4bcc5ab,174f6ed4-3c21-444a-acfa-5149f53f2ca0,video,Técnica de Vibrato (rep),Demonstração da técnica de vibrato no violino,https://youtube.com/watch?v=violin_vibrato,youtube,,,,tutorial,avancado,,[],0,5,true,2026-02-13 18:01:39.533249
4a4e4546-8231-4565-98b0-54c0ce2c9e86,11a7bc0c-232f-40dc-92ac-4d15aebd2d52,video,Ave Maria - Schubert,Performance clássica da famosa peça,https://youtube.com/watch?v=ave_maria_violin,youtube,,,,performance,intermediario,,[],0,6,true,2026-02-13 17:57:36.711969
4a5b4c43-62a8-4ec5-9b16-af38ad634188,8bd473f1-7b35-4b9e-869a-17fb73c6e047,imagem,Teclado frontal,Foto de teclado moderno.,/midias/teclado/frontal.jpg,upload,,,,tecnica,iniciante,,"[""teclado"",""estrutura""]",0,0,true,2025-06-15 20:36:24.121938
4a6c039c-091e-4189-be33-e812aaafdbb5,26cadf44-6d7b-4f9b-85d6-6b2c40715f45,audio,Improviso,Improvisação.,/midias/saxofone/improviso.mp3,upload,,,,performance,avancado,180,"[""improviso"",""saxofone""]",0,0,false,2025-06-16 00:57:47.581967
4a732628-a3f4-432d-a125-563dbc63fcc2,d7c80fe1-ab43-4920-b2aa-d9b4f3ace166,audio,Harmônico,Exemplo de harmônico,/midias/clarinete/harmonico.mp3,upload,,,,tecnica,intermediario,30,"[""harmonico"",""clarinete""]",0,0,false,2025-06-15 19:19:49.258132
4aa71b8e-74f1-4d1b-869c-eccdb240d64e,453ca164-6f0e-4554-b008-dd68bf4586c2,video,Técnica de Vibrato,Demonstração da técnica de vibrato no violino,https://youtube.com/watch?v=violin_vibrato,youtube,,,,tutorial,avancado,,[],0,5,false,2026-02-13 18:01:39.533249
4adbdc9e-8dd9-489a-b206-397cd419ba24,492f792b-8d0c-46b7-a195-c8c32114696d,video,Ave Maria - Schubert (rep),Performance clássica da famosa peça,https://youtube.com/watch?v=ave_maria_violin,youtube,,,,performance,intermediario,,[],0,6,true,2026-02-13 18:01:39.533249
4b0e6288-078a-47ad-a045-04b76fbb635a,df42056c-8a3e-454c-aeca-73b4d608b85c,audio,Capricho Paganini,Capricho nº 24 de Paganini,audio/violino/paganini_caprice.mp3,upload,,,,,avancado,,[],0,9,true,2026-02-13 17:57:36.711969
4b22beff-7719-49b5-ad2a-ecdb15929367,0b9c8c6b-0e47-471c-b83b-01c931410692,video,Ave Maria - Schubert,Performance clássica da famosa peça,https://youtube.com/watch?v=ave_maria_violin,youtube,,,,performance,intermediario,,[],0,6,true,2026-02-13 17:57:36.711969
4b5d4a5b-2bcb-4c73-9f0d-3a4ce2c23d97,492f792b-8d0c-46b7-a195-c8c32114696d,imagem,Postura do Violinista,Demonstração da postura correta para tocar violino,img/violino/postura.jpg,upload,,,,,iniciante,,[],0,3,true,2026-02-13 17:57:36.711969
4b5ef36c-dc1f-4186-8629-272b7aaefc72,750450cf-e14e-4f02-944e-b3c1bb0f87a4,imagem,Violão Clássico Espanhol Século XIX,"Violão construído por Antonio de Torres, considerado o pai do violão moderno",/images/violao/torres_historico.jpg,upload,,,,historia,iniciante,,"[""historia"",""classico"",""espanha""]",0,0,true,2025-06-08 01:05:48.886576
4b8a5039-44ee-463c-9d8f-658da84ab787,34f9e29b-3d22-464a-b31c-c3f4fbb73328,audio,Concerto Tchaikovsky,Primeiro movimento do famoso concerto,audio/violino/tchaikovsky_concerto.mp3,upload,,,,,avancado,,[],0,8,true,2026-02-13 18:01:39.533249
4b8aa6ed-7cde-4401-8257-1d0e834aa8fc,9a5e0eac-114e-4173-90af-32b55c870675,imagem,Violino Stradivarius,Violino clássico de luthier famoso mostrando detalhes da madeira,img/violino/stradivarius.jpg,upload,,,,,iniciante,,[],0,1,true,2026-02-13 17:57:36.711969
4b8ac104-51a4-4eb8-a33c-5a202cf640a5,36040329-1aa6-428a-ad39-cd85de03493e,video,Técnica de Vibrato,Demonstração da técnica de vibrato no violino,https://youtube.com/watch?v=violin_vibrato,youtube,,,,tutorial,avancado,,[],0,5,false,2026-02-13 18:01:39.533249
4bc5ff2c-bb5e-42ac-8c1b-4c681668932c,df168c2e-275a-44ed-9ee7-af356bf724e5,video,Ave Maria - Schubert,Performance clássica da famosa peça,https://youtube.com/watch?v=ave_maria_violin,youtube,,,,performance,intermediario,,[],0,6,true,2026-02-13 18:01:39.533249
4be67c02-200b-41f8-b2d9-a3773767795c,82052c70-0a9d-4d94-873e-3b402e032f55,video,Violino no Jazz,Improvisação jazzística no violino,https://youtube.com/watch?v=jazz_violin,youtube,,,,performance,avancado,,[],0,7,false,2026-02-13 18:01:39.533249
4bee81c9-a8aa-40f3-8a0d-7f0327e35d23,3702e3f9-bc82-42b6-ae32-c770081b3ec2,video,Violino no Jazz (rep),Improvisação jazzística no violino,https://youtube.com/watch?v=jazz_violin,youtube,,,,performance,avancado,,[],0,7,true,2026-02-13 18:01:39.533249
4bf00551-379e-4ca6-ab52-b1c119621b64,3e02292d-bd2f-46ed-9b9e-a0c8b0acd996,video,Ave Maria - Schubert,Performance clássica da famosa peça,https://youtube.com/watch?v=ave_maria_violin,youtube,,,,performance,intermediario,,[],0,6,true,2026-02-13 17:57:36.711969
4bfc0b0f-6a2d-4e93-a0f4-191c53e62aae,cca87ab1-8ad4-4876-a8d8-190f85927952,video,Técnica de Vibrato,Demonstração da técnica de vibrato no violino,https://youtube.com/watch?v=violin_vibrato,youtube,,,,tutorial,avancado,,[],0,5,false,2026-02-13 18:01:39.533249
4c27d856-e41d-4b7e-b054-add018bbe13d,453ca164-6f0e-4554-b008-dd68bf4586c2,imagem,Violino Stradivarius,Violino clássico de luthier famoso mostrando detalhes da madeira,img/violino/stradivarius.jpg,upload,,,,,iniciante,,[],0,1,true,2026-02-13 18:01:39.533249
4c40d95e-a754-49d7-aedb-fbff766cdca8,509d6a26-159a-4976-aa46-83f914f930aa,video,Ave Maria - Schubert (rep),Performance clássica da famosa peça,https://youtube.com/watch?v=ave_maria_violin,youtube,,,,performance,intermediario,,[],0,6,true,2026-02-13 18:01:39.533249
4c4c73f2-4cca-44d1-8921-66533336c520,509d6a26-159a-4976-aa46-83f914f930aa,video,Violino no Jazz,Improvisação jazzística no violino,https://youtube.com/watch?v=jazz_violin,youtube,,,,performance,avancado,,[],0,7,true,2026-02-13 17:57:36.711969
4c4e7ce9-8733-48d2-9b97-44e536cb6234,b7425269-f2bb-454c-8c61-e3e9d028c9b4,3d,Modelo 3D Violino,Modelo tridimensional interativo do violino,models/violino_3d.glb,upload,,,,,iniciante,,[],0,10,true,2026-02-13 18:01:39.533249
4c8ffba7-2841-439f-a186-30056d8e7d62,26cadf44-6d7b-4f9b-85d6-6b2c40715f45,audio,Orquestra,Sax em orquestra.,/midias/saxofone/orquestra.mp3,upload,,,,performance,avancado,300,"[""orquestra"",""saxofone""]",0,0,true,2025-06-16 00:56:26.375072
4ca2044c-efd2-44e9-bb73-b04a85a1954a,d7c80fe1-ab43-4920-b2aa-d9b4f3ace166,video,Respiração circular,Demonstração da técnica,https://www.youtube.com/watch?v=clarinete3,youtube,,,,tecnica,avancado,180,"[""respiracao"",""clarinete""]",0,0,true,2025-06-15 19:19:49.258132
4ce9a9d7-ed54-4943-b63b-4e743fef8e24,a0f53672-7d87-4ab4-a64f-b551fc1a380d,video,Ave Maria - Schubert (rep),Performance clássica da famosa peça,https://youtube.com/watch?v=ave_maria_violin,youtube,,,,performance,intermediario,,[],0,6,true,2026-02-13 18:01:39.533249
4cf4b22b-625d-4f28-9277-73c1c555ce5e,3957c464-86dc-4aa2-9f09-57b5eb2a6c6a,3d,Modelo 3D Violino (rep),Modelo tridimensional interativo do violino,models/violino_3d.glb,upload,,,,,iniciante,,[],0,10,false,2026-02-13 18:01:39.533249
4d11b9b0-88a0-4340-a3b3-2569a9338a26,80436b4f-15c1-452f-9442-34e42b5117e4,audio,Capricho Paganini,Capricho nº 24 de Paganini,audio/violino/paganini_caprice.mp3,upload,,,,,avancado,,[],0,9,true,2025-06-09 03:41:34.794455
4d12f4ff-a174-4b74-8910-181c77aa1ef5,ab9720a5-1973-484e-9a44-d4aa62594336,imagem,Piano Forte de Cristofori,Primeiro piano criado por Bartolomeo Cristofori em 1700,/images/piano/cristofori_1700.jpg,upload,,,,historia,iniciante,,"[""historia"",""cristofori"",""origem""]",0,0,true,2025-06-08 15:24:29.575428
4d4aecc5-2d85-4493-8597-41ae04a1b639,87ee66bf-bb70-4e70-9aa3-4bff514ced4e,video,Violino no Jazz,Improvisação jazzística no violino,https://youtube.com/watch?v=jazz_violin,youtube,,,,performance,avancado,,[],0,7,true,2026-02-13 18:01:39.533249
4d6623f1-8f6e-4bf4-b729-25725772322f,92ecdeff-3480-4f27-85cd-86f12622cf9f,imagem,Anatomia do Violino,Diagrama educativo das partes do violino,img/violino/anatomia.jpg,upload,,,,,iniciante,,[],0,2,true,2026-02-13 17:57:36.711969
4d7bd9b0-597a-442e-a6f3-c64acb7e1567,26cadf44-6d7b-4f9b-85d6-6b2c40715f45,imagem,Saxofone solo,Saxofonista em solo.,/midias/saxofone/solo.jpg,upload,,,,performance,avancado,,"[""solo"",""saxofone""]",0,0,false,2025-06-16 00:57:47.581967
4dbb301f-cf08-4a0c-902b-fde3b7168a80,6925f61b-ba48-473a-b69a-e3548036c1df,3d,Modelo 3D Violino,Modelo tridimensional interativo do violino,models/violino_3d.glb,upload,,,,,iniciante,,[],0,10,true,2026-02-13 17:57:36.711969
4df5e0b3-8765-4df4-8b41-5249bda6a62b,bee0f63a-e248-4f2c-9325-0a23cb3c5a8e,audio,Capricho Paganini,Capricho nº 24 de Paganini,audio/violino/paganini_caprice.mp3,upload,,,,,avancado,,[],0,9,true,2026-02-13 17:57:36.711969
4e37f452-93f3-4bc0-b9e1-e83d52f1b01b,b7425269-f2bb-454c-8c61-e3e9d028c9b4,imagem,Violino Stradivarius,Violino clássico de luthier famoso mostrando detalhes da madeira,img/violino/stradivarius.jpg,upload,,,,,iniciante,,[],0,1,true,2026-02-13 18:01:39.533249
4e4b5847-a375-4db2-89d4-dd978995a66b,35da6877-2528-4f37-9ab4-b44893ad1dbf,imagem,Anatomia do Violino,Diagrama educativo das partes do violino,img/violino/anatomia.jpg,upload,,,,,iniciante,,[],0,2,true,2026-02-13 17:57:36.711969
4e5e6506-301f-4bfc-9b87-398310aaaa1d,d7c80fe1-ab43-4920-b2aa-d9b4f3ace166,imagem,Clarinete montado,Instrumento completamente montado,/midias/clarinete/montado.jpg,upload,,,,tecnica,iniciante,,"[""montagem"",""clarinete""]",0,0,true,2025-06-15 19:19:49.258132
4e6a5459-86d1-4545-bc8d-3a77376e5509,86f83611-c0db-470c-87e7-31ee81b1a009,3d,Modelo 3D Violino,Modelo tridimensional interativo do violino,models/violino_3d.glb,upload,,,,,iniciante,,[],0,10,true,2026-02-13 17:57:36.711969
4e6a7850-e732-4816-8f67-c98e9c7c4c3b,32705505-7727-4d27-b7bd-b08e7c90c233,imagem,Postura do Violinista,Demonstração da postura correta para tocar violino,img/violino/postura.jpg,upload,,,,,iniciante,,[],0,3,true,2026-02-13 17:57:36.711969
4e8c4fd3-0df5-4740-9578-0945b2ae95e8,3957c464-86dc-4aa2-9f09-57b5eb2a6c6a,imagem,Anatomia do Violino (rep),Diagrama educativo das partes do violino,img/violino/anatomia.jpg,upload,,,,,iniciante,,[],0,2,false,2026-02-13 18:01:39.533249
4e9fa3f1-fe89-4d0f-a4d1-19a12a7f0aea,92ecdeff-3480-4f27-85cd-86f12622cf9f,audio,Concerto Tchaikovsky (rep),Primeiro movimento do famoso concerto,audio/violino/tchaikovsky_concerto.mp3,upload,,,,,avancado,,[],0,8,false,2026-02-13 18:01:39.533249
4f094b28-d5b4-4b80-9983-856a47329e86,794f42a6-619a-4ca3-8f1b-c3ac7a9e7a08,audio,Orquestra,Flauta em orquestra.,/midias/flauta/orquestra.mp3,upload,,,,performance,avancado,300,"[""orquestra"",""flauta""]",0,0,true,2025-06-15 19:42:58.828009
4f159e71-c652-408b-8234-58c17a899162,9b42a23b-ac7f-42e1-8a04-bde4c525fbde,imagem,Vista lateral,Vista lateral do oboé.,/midias/oboe/lateral.jpg,upload,,,,tecnica,iniciante,,"[""estrutura"",""oboe""]",0,0,true,2025-06-20 05:15:55.927047
4f1f9a01-19eb-4617-826d-58dc29c3db7d,3957c464-86dc-4aa2-9f09-57b5eb2a6c6a,audio,Capricho Paganini (rep),Capricho nº 24 de Paganini,audio/violino/paganini_caprice.mp3,upload,,,,,avancado,,[],0,9,true,2026-02-13 18:01:39.533249
4f2b8161-2e21-436a-b1fd-1821140d7cf7,bee0f63a-e248-4f2c-9325-0a23cb3c5a8e,imagem,Violino Stradivarius,Violino clássico de luthier famoso mostrando detalhes da madeira,img/violino/stradivarius.jpg,upload,,,,,iniciante,,[],0,1,true,2026-02-13 17:57:36.711969
4f3746cd-c10a-4706-aa62-04be71e16c9f,df49fd27-9bcd-4462-a0f8-b36f0ff9f97f,video,Blues Guitar Essentials,Fundamentos da guitarra blues com backing track,https://youtube.com/watch?v=blues_guitar,youtube,,,,tutorial,intermediario,,[],0,7,true,2025-06-09 04:27:22.284765
4f3e3509-69d7-473b-b6f2-0d08bc0bba4d,35da6877-2528-4f37-9ab4-b44893ad1dbf,video,Violino no Jazz (rep),Improvisação jazzística no violino,https://youtube.com/watch?v=jazz_violin,youtube,,,,performance,avancado,,[],0,7,true,2026-02-13 18:01:39.533249
4f96624c-2da1-42cc-b6db-0b9f63e35575,ee709f67-e4e4-4f9c-9001-7574e4d8dfa0,video,Violino no Jazz,Improvisação jazzística no violino,https://youtube.com/watch?v=jazz_violin,youtube,,,,performance,avancado,,[],0,7,true,2026-02-13 18:01:39.533249
4f9e6078-0350-4040-990e-a8481eec254f,87ee66bf-bb70-4e70-9aa3-4bff514ced4e,video,Ave Maria - Schubert (rep),Performance clássica da famosa peça,https://youtube.com/watch?v=ave_maria_violin,youtube,,,,performance,intermediario,,[],0,6,false,2026-02-13 18:01:39.533249
4fc0ddc3-ad70-443b-b84c-26e02f3bdc9f,2abbd218-b737-410e-934b-f9c8f3d2b806,3d,Modelo 3D Violino,Modelo tridimensional interativo do violino,models/violino_3d.glb,upload,,,,,iniciante,,[],0,10,true,2026-02-13 17:57:36.711969
50227de8-c5c7-4b63-8b7e-37dd561d2235,a0f53672-7d87-4ab4-a64f-b551fc1a380d,audio,Capricho Paganini,Capricho nº 24 de Paganini,audio/violino/paganini_caprice.mp3,upload,,,,,avancado,,[],0,9,false,2026-02-13 18:01:39.533249
5031fa8e-1804-4d15-b677-077ce2fcaaa4,4445b5c9-dcdf-4dd3-8ce6-bb04a22127ce,audio,Capricho Paganini,Capricho nº 24 de Paganini,audio/violino/paganini_caprice.mp3,upload,,,,,avancado,,[],0,9,true,2026-02-13 18:01:39.533249
503b030d-eaa3-4143-8afd-39d1c4270e69,26cadf44-6d7b-4f9b-85d6-6b2c40715f45,imagem,Sax e partitura,Saxofone com partitura.,/midias/saxofone/partitura.jpg,upload,,,,tecnica,iniciante,,"[""partitura"",""saxofone""]",0,0,false,2025-06-16 00:57:47.581967
504535b9-5c94-4181-959e-a6a82a31f7c4,82052c70-0a9d-4d94-873e-3b402e032f55,audio,Concerto Tchaikovsky (rep),Primeiro movimento do famoso concerto,audio/violino/tchaikovsky_concerto.mp3,upload,,,,,avancado,,[],0,8,true,2026-02-13 18:01:39.533249
5059655f-fc15-4c8f-8302-4ef682a97e52,794f42a6-619a-4ca3-8f1b-c3ac7a9e7a08,video,Trinado,Demonstração de trinado.,https://www.youtube.com/watch?v=flauta6,youtube,,,,tecnica,intermediario,120,"[""trinado"",""flauta""]",0,0,true,2025-06-15 19:42:58.828009
505f309b-dda4-4ec2-8fa8-809c90585e9f,1f8c0a22-f3fc-4f51-8938-6e1cc6e24f85,imagem,Anatomia do Violino (rep),Diagrama educativo das partes do violino,img/violino/anatomia.jpg,upload,,,,,iniciante,,[],0,2,true,2026-02-13 18:01:39.533249
50742fec-f63b-4f55-8a09-b0ae824d19a1,8ddb4eea-18b9-4b8f-bb85-16a1f5474f87,video,Primeiros Passos no Violino (rep),Aula básica de como segurar o violino e o arco,https://youtube.com/watch?v=violin_basics,youtube,,,,tutorial,iniciante,,[],0,4,true,2026-02-13 18:01:39.533249
50774cd5-479b-4983-8b22-bfca45c5a61e,11a7bc0c-232f-40dc-92ac-4d15aebd2d52,video,Ave Maria - Schubert,Performance clássica da famosa peça,https://youtube.com/watch?v=ave_maria_violin,youtube,,,,performance,intermediario,,[],0,6,true,2026-02-13 18:01:39.533249
50863bb6-219a-40c1-84c6-212c32035991,fb125188-c48e-4d89-a46e-11c3b600dabd,video,Primeiros Passos no Violino (rep),Aula básica de como segurar o violino e o arco,https://youtube.com/watch?v=violin_basics,youtube,,,,tutorial,iniciante,,[],0,4,false,2026-02-13 18:01:39.533249
509338c4-044e-4eeb-81ef-8335bf69f7a4,e54b748d-3b1b-48ba-b65e-ec1e476e94ad,video,Ave Maria - Schubert,Performance clássica da famosa peça,https://youtube.com/watch?v=ave_maria_violin,youtube,,,,performance,intermediario,,[],0,6,false,2026-02-13 18:01:39.533249
50d952df-919b-4004-bf6d-76dd45c21a67,82052c70-0a9d-4d94-873e-3b402e032f55,video,Primeiros Passos no Violino,Aula básica de como segurar o violino e o arco,https://youtube.com/watch?v=violin_basics,youtube,,,,tutorial,iniciante,,[],0,4,false,2026-02-13 18:01:39.533249
510c55db-99ef-4fd0-a6bb-2df1ffe37ea7,ac116dcb-4fd4-4ef6-b6fb-f4ff1287bf68,video,Primeiros Passos no Violino,Aula básica de como segurar o violino e o arco,https://youtube.com/watch?v=violin_basics,youtube,,,,tutorial,iniciante,,[],0,4,true,2026-02-13 18:01:39.533249
510fb097-3a69-4d8b-94b5-5a694605b5cd,4bc1c064-fa97-43f5-b6d7-d466ca66635d,imagem,Postura do Violinista,Demonstração da postura correta para tocar violino,img/violino/postura.jpg,upload,,,,,iniciante,,[],0,3,false,2026-02-13 18:01:39.533249
5117ba46-3832-4b7d-8ecc-b873b9b2504f,bc665a4e-e301-44d3-b8bf-decb09422d71,imagem,Violino Stradivarius,Violino clássico de luthier famoso mostrando detalhes da madeira,img/violino/stradivarius.jpg,upload,,,,,iniciante,,[],0,1,true,2026-02-13 18:01:39.533249
513a6d89-aff6-4a59-b23b-03d9373683ea,82052c70-0a9d-4d94-873e-3b402e032f55,imagem,Anatomia do Violino,Diagrama educativo das partes do violino,img/violino/anatomia.jpg,upload,,,,,iniciante,,[],0,2,true,2026-02-13 18:01:39.533249
513b4639-7fda-4cea-a57f-aafb0cd2275e,750450cf-e14e-4f02-944e-b3c1bb0f87a4,audio,Capricho Paganini,Capricho nº 24 de Paganini,audio/violino/paganini_caprice.mp3,upload,,,,,avancado,,[],0,9,false,2026-02-13 18:01:39.533249
51434a94-5c75-4269-89f0-d17e4c926530,56e32061-7ed6-495d-9bc1-00cdb345b02e,audio,Capricho Paganini (rep),Capricho nº 24 de Paganini,audio/violino/paganini_caprice.mp3,upload,,,,,avancado,,[],0,9,false,2026-02-13 18:01:39.533249
5148acb3-72b8-4f61-a6d5-46ff9c840714,e48ad87b-d237-45e4-a707-05374c4240fa,video,Técnica de Vibrato,Demonstração da técnica de vibrato no violino,https://youtube.com/watch?v=violin_vibrato,youtube,,,,tutorial,avancado,,[],0,5,true,2026-02-13 17:57:36.711969
518d5f31-2e03-4c4f-a4b4-3957ff393507,4d78c5a4-04bf-452d-b326-83e7c72c10ef,3d,Modelo 3D Violino (rep),Modelo tridimensional interativo do violino,models/violino_3d.glb,upload,,,,,iniciante,,[],0,10,true,2026-02-13 18:01:39.533249
5190cf60-5943-4cb6-b510-c1fd2a8845dd,df42056c-8a3e-454c-aeca-73b4d608b85c,audio,Capricho Paganini (rep),Capricho nº 24 de Paganini,audio/violino/paganini_caprice.mp3,upload,,,,,avancado,,[],0,9,true,2026-02-13 18:01:39.533249
51b81beb-3e05-44cf-96cf-050a3ae67d43,13912e91-7b48-4a8d-82b7-b59515c2a0d3,imagem,Violino Stradivarius (rep),Violino clássico de luthier famoso mostrando detalhes da madeira,img/violino/stradivarius.jpg,upload,,,,,iniciante,,[],0,1,false,2026-02-13 18:01:39.533249
51bf65f9-3433-4b3f-9311-913112b8f576,8bd473f1-7b35-4b9e-869a-17fb73c6e047,video,Acordes,Demonstração de acordes básicos.,https://www.youtube.com/watch?v=teclado6,youtube,,,,tecnica,intermediario,180,"[""acorde"",""teclado""]",0,0,true,2025-06-15 20:36:24.121938
51d4e4b4-99dd-476a-b287-68e03c7725ac,174f6ed4-3c21-444a-acfa-5149f53f2ca0,audio,Concerto Tchaikovsky,Primeiro movimento do famoso concerto,audio/violino/tchaikovsky_concerto.mp3,upload,,,,,avancado,,[],0,8,false,2026-02-13 18:01:39.533249
51ea5e00-9dd5-4ef2-b648-b9c010192fab,36b9d36d-f65b-4ba1-89be-4ab3707e874c,video,Harmônicos,Uso de harmônicos.,https://www.youtube.com/watch?v=fagote9,youtube,,,,tecnica,intermediario,240,"[""harmonicos"",""fagote""]",0,0,true,2025-06-20 02:48:24.932103
51eedca8-6000-45d1-be42-9a0f84d19a7a,e48ad87b-d237-45e4-a707-05374c4240fa,video,Ave Maria - Schubert,Performance clássica da famosa peça,https://youtube.com/watch?v=ave_maria_violin,youtube,,,,performance,intermediario,,[],0,6,false,2026-02-13 18:01:39.533249
522a848c-e130-45e2-b380-d1e97cd81af8,9a5e0eac-114e-4173-90af-32b55c870675,imagem,Violino Stradivarius,Violino clássico de luthier famoso mostrando detalhes da madeira,img/violino/stradivarius.jpg,upload,,,,,iniciante,,[],0,1,false,2026-02-13 18:01:39.533249
52391453-563d-46ff-b449-84480325fee2,f8653cdb-e2e7-479a-bfff-c8643859b866,audio,Capricho Paganini,Capricho nº 24 de Paganini,audio/violino/paganini_caprice.mp3,upload,,,,,avancado,,[],0,9,true,2026-02-13 18:01:39.533249
52421bc2-a596-4c39-a365-0a39138863d3,412c40b6-f4fc-4379-9d6f-5ce0ec2d669d,audio,Col legno,Exemplo de col legno.,/midias/violoncelo/collegno.mp3,upload,,,,tecnica,avancado,60,"[""collegno"",""violoncelo""]",0,0,true,2025-06-15 19:35:06.847648
5251ce41-26d8-4dbb-aaf1-9871f27a3e63,87ee66bf-bb70-4e70-9aa3-4bff514ced4e,video,Primeiros Passos no Violino,Aula básica de como segurar o violino e o arco,https://youtube.com/watch?v=violin_basics,youtube,,,,tutorial,iniciante,,[],0,4,true,2026-02-13 18:01:39.533249
5253e002-2114-410d-9a41-cf1c0edb1d85,df49fd27-9bcd-4462-a0f8-b36f0ff9f97f,audio,Stairway to Heaven Solo,Um dos solos mais famosos da história do rock,audio/guitarra/stairway_solo.mp3,upload,,,,,avancado,,[],0,9,true,2025-06-09 04:27:22.284765
5259bc8d-5010-4c7e-9ac2-4abec3686001,4c61dc18-2b1e-48c8-8a2e-2c730679d4a5,imagem,Postura do Violinista,Demonstração da postura correta para tocar violino,img/violino/postura.jpg,upload,,,,,iniciante,,[],0,3,true,2026-02-13 17:57:36.711969
525d43c1-530c-4396-a9d0-cb48c5c5b476,412c40b6-f4fc-4379-9d6f-5ce0ec2d669d,imagem,Arco do violoncelo,Detalhe do arco do violoncelo.,/midias/violoncelo/arco.jpg,upload,,,,tecnica,iniciante,,"[""arco"",""violoncelo""]",0,0,true,2025-06-15 19:35:06.847648
527c075e-d014-42aa-88a1-d99f740413de,9edff4db-9ef5-43fc-970a-7d2086de223b,imagem,Anatomia do Violino,Diagrama educativo das partes do violino,img/violino/anatomia.jpg,upload,,,,,iniciante,,[],0,2,false,2026-02-13 18:01:39.533249
52821852-e3a0-4bce-a976-f864791b60cb,6b11dc1a-295f-4458-9c08-2bcec09ff3ec,3d,Modelo 3D Violino,Modelo tridimensional interativo do violino,models/violino_3d.glb,upload,,,,,iniciante,,[],0,10,false,2026-02-13 18:01:39.533249
529a9323-a6db-42c5-9331-0b239b2a2e9f,d7c80fe1-ab43-4920-b2aa-d9b4f3ace166,video,Solo de jazz,Improvisação ao vivo,https://www.youtube.com/watch?v=clarinete5,youtube,,,,performance,intermediario,300,"[""jazz"",""clarinete"",""solo""]",0,0,true,2025-06-15 19:19:49.258132
52ac778b-0e43-499d-8e1c-1e2ca8efb745,df168c2e-275a-44ed-9ee7-af356bf724e5,3d,Modelo 3D Violino,Modelo tridimensional interativo do violino,models/violino_3d.glb,upload,,,,,iniciante,,[],0,10,true,2026-02-13 18:01:39.533249
52bced0c-7271-4c6c-922b-d52f49b8d198,b7425269-f2bb-454c-8c61-e3e9d028c9b4,video,Primeiros Passos no Violino,Aula básica de como segurar o violino e o arco,https://youtube.com/watch?v=violin_basics,youtube,,,,tutorial,iniciante,,[],0,4,true,2026-02-13 17:57:36.711969
52d991e9-8579-43e2-83a4-7635a9178d71,794f42a6-619a-4ca3-8f1b-c3ac7a9e7a08,imagem,Flauta e partituras,Instrumento e partitura juntos.,/midias/flauta/partituras.jpg,upload,,,,tecnica,iniciante,,"[""partitura"",""flauta""]",0,0,true,2025-06-15 19:42:58.828009
52e0b2b8-1c67-465a-b842-0d9d0c1e6c0f,35da6877-2528-4f37-9ab4-b44893ad1dbf,imagem,Postura do Violinista,Demonstração da postura correta para tocar violino,img/violino/postura.jpg,upload,,,,,iniciante,,[],0,3,false,2026-02-13 18:01:39.533249
5323d139-f8d5-48d8-827e-b65c01833ce0,509d6a26-159a-4976-aa46-83f914f930aa,imagem,Anatomia do Violino,Diagrama educativo das partes do violino,img/violino/anatomia.jpg,upload,,,,,iniciante,,[],0,2,false,2026-02-13 18:01:39.533249
5347fa17-987f-4919-b3a8-6c7260fbdd61,9edff4db-9ef5-43fc-970a-7d2086de223b,video,Primeiros Passos no Violino,Aula básica de como segurar o violino e o arco,https://youtube.com/watch?v=violin_basics,youtube,,,,tutorial,iniciante,,[],0,4,false,2026-02-13 18:01:39.533249
535b933b-4949-4ed6-9f41-c8d4ca3b6555,9a5e0eac-114e-4173-90af-32b55c870675,video,Técnica de Vibrato (rep),Demonstração da técnica de vibrato no violino,https://youtube.com/watch?v=violin_vibrato,youtube,,,,tutorial,avancado,,[],0,5,true,2026-02-13 18:01:39.533249
5375950b-bc61-4274-8709-7f3b95584057,32705505-7727-4d27-b7bd-b08e7c90c233,imagem,Violino Stradivarius,Violino clássico de luthier famoso mostrando detalhes da madeira,img/violino/stradivarius.jpg,upload,,,,,iniciante,,[],0,1,false,2026-02-13 18:01:39.533249
53945318-49c0-40e2-8f92-e6fd15d02608,4d78c5a4-04bf-452d-b326-83e7c72c10ef,imagem,Violino Stradivarius (rep),Violino clássico de luthier famoso mostrando detalhes da madeira,img/violino/stradivarius.jpg,upload,,,,,iniciante,,[],0,1,true,2026-02-13 18:01:39.533249
53a79958-2d5c-4855-a20c-2449becc9b06,36040329-1aa6-428a-ad39-cd85de03493e,imagem,Anatomia do Violino (rep),Diagrama educativo das partes do violino,img/violino/anatomia.jpg,upload,,,,,iniciante,,[],0,2,true,2026-02-13 18:01:39.533249
5404fcb4-95ec-4710-8672-3c93b363aba7,492f792b-8d0c-46b7-a195-c8c32114696d,imagem,Anatomia do Violino,Diagrama educativo das partes do violino,img/violino/anatomia.jpg,upload,,,,,iniciante,,[],0,2,false,2026-02-13 18:01:39.533249
54394ed2-87cc-4051-b3f8-1cfaca7f1b69,492f792b-8d0c-46b7-a195-c8c32114696d,video,Violino no Jazz,Improvisação jazzística no violino,https://youtube.com/watch?v=jazz_violin,youtube,,,,performance,avancado,,[],0,7,true,2026-02-13 18:01:39.533249
54404074-ba89-4804-9322-366b96e46422,509d6a26-159a-4976-aa46-83f914f930aa,video,Técnica de Vibrato,Demonstração da técnica de vibrato no violino,https://youtube.com/watch?v=violin_vibrato,youtube,,,,tutorial,avancado,,[],0,5,false,2026-02-13 18:01:39.533249
54411451-9b1e-4bc5-a135-06383728343b,26cadf44-6d7b-4f9b-85d6-6b2c40715f45,imagem,Saxofone frontal,Foto de saxofone alto moderno.,/midias/saxofone/frontal.jpg,upload,,,,tecnica,iniciante,,"[""saxofone"",""estrutura""]",0,0,false,2025-06-16 00:57:47.581967
54491452-65be-40c5-8540-1ddedbc7e1e9,4445b5c9-dcdf-4dd3-8ce6-bb04a22127ce,video,Violino no Jazz (rep),Improvisação jazzística no violino,https://youtube.com/watch?v=jazz_violin,youtube,,,,performance,avancado,,[],0,7,false,2026-02-13 18:01:39.533249
544bfedf-e7ac-4f6d-8b5d-d9c2211db56c,80436b4f-15c1-452f-9442-34e42b5117e4,imagem,Violino Stradivarius (rep),Violino clássico de luthier famoso mostrando detalhes da madeira,img/violino/stradivarius.jpg,upload,,,,,iniciante,,[],0,1,true,2026-02-13 18:01:31.997858
54a18726-952e-4e23-a13a-71b5f060b1e9,7b6ae164-dfdf-452d-a5c3-d01554861444,3d,Modelo 3D Violino,Modelo tridimensional interativo do violino,models/violino_3d.glb,upload,,,,,iniciante,,[],0,10,true,2026-02-13 18:01:39.533249
54b9017c-b169-4357-b6cc-f4673a541d75,1f8c0a22-f3fc-4f51-8938-6e1cc6e24f85,audio,Concerto Tchaikovsky (rep),Primeiro movimento do famoso concerto,audio/violino/tchaikovsky_concerto.mp3,upload,,,,,avancado,,[],0,8,true,2026-02-13 18:01:39.533249
54e9b52f-0360-4880-83a8-b28fcf4df135,df42056c-8a3e-454c-aeca-73b4d608b85c,video,Primeiros Passos no Violino (rep),Aula básica de como segurar o violino e o arco,https://youtube.com/watch?v=violin_basics,youtube,,,,tutorial,iniciante,,[],0,4,true,2026-02-13 18:01:39.533249
54eaee02-46fe-4f5b-b30e-d3b01b82e400,4c61dc18-2b1e-48c8-8a2e-2c730679d4a5,video,Primeiros Passos no Violino,Aula básica de como segurar o violino e o arco,https://youtube.com/watch?v=violin_basics,youtube,,,,tutorial,iniciante,,[],0,4,true,2026-02-13 17:57:36.711969
54eb2048-866d-4be2-af08-c7ea5b31115f,f8653cdb-e2e7-479a-bfff-c8643859b866,video,Primeiros Passos no Violino (rep),Aula básica de como segurar o violino e o arco,https://youtube.com/watch?v=violin_basics,youtube,,,,tutorial,iniciante,,[],0,4,true,2026-02-13 18:01:39.533249
551b9f03-8da2-4029-adb9-3a959e7ae655,56f643e0-a3e2-4067-84ac-334c454426f8,video,Violino no Jazz,Improvisação jazzística no violino,https://youtube.com/watch?v=jazz_violin,youtube,,,,performance,avancado,,[],0,7,true,2026-02-13 18:01:39.533249
55210464-b87a-4507-bf8f-3eb5f257759b,4d78c5a4-04bf-452d-b326-83e7c72c10ef,video,Violino no Jazz,Improvisação jazzística no violino,https://youtube.com/watch?v=jazz_violin,youtube,,,,performance,avancado,,[],0,7,true,2026-02-13 18:01:39.533249
554e802c-170f-4cff-b7da-291fc739f4a0,56f643e0-a3e2-4067-84ac-334c454426f8,imagem,Postura do Violinista,Demonstração da postura correta para tocar violino,img/violino/postura.jpg,upload,,,,,iniciante,,[],0,3,true,2026-02-13 18:01:39.533249
555ba3bb-d41d-4408-968c-d61276e6c2f1,0b9c8c6b-0e47-471c-b83b-01c931410692,imagem,Anatomia do Violino,Diagrama educativo das partes do violino,img/violino/anatomia.jpg,upload,,,,,iniciante,,[],0,2,true,2026-02-13 17:57:36.711969
55657e46-7b35-4c7e-9c09-e3bd4f552359,4445b5c9-dcdf-4dd3-8ce6-bb04a22127ce,3d,Modelo 3D Violino,Modelo tridimensional interativo do violino,models/violino_3d.glb,upload,,,,,iniciante,,[],0,10,true,2026-02-13 18:01:39.533249
557ae7c2-47b8-4103-a912-af3ce73d40a4,9b42a23b-ac7f-42e1-8a04-bde4c525fbde,imagem,Sistema de chaves,Detalhe das chaves.,/midias/oboe/chaves.jpg,upload,,,,tecnica,iniciante,,"[""chaves"",""oboe""]",0,0,true,2025-06-20 05:15:55.927047
55a99cd9-3cc2-438a-96eb-0dcd6a8d1c92,4bc1c064-fa97-43f5-b6d7-d466ca66635d,imagem,Anatomia do Violino,Diagrama educativo das partes do violino,img/violino/anatomia.jpg,upload,,,,,iniciante,,[],0,2,true,2026-02-13 18:01:39.533249
55ac3cb4-3950-4041-ad80-93927ac04bd0,7b6ae164-dfdf-452d-a5c3-d01554861444,imagem,Violino Stradivarius (rep),Violino clássico de luthier famoso mostrando detalhes da madeira,img/violino/stradivarius.jpg,upload,,,,,iniciante,,[],0,1,false,2026-02-13 18:01:39.533249
55bd311c-4fbe-41cc-b99f-511d0e505c9f,a0f53672-7d87-4ab4-a64f-b551fc1a380d,imagem,Violino Stradivarius (rep),Violino clássico de luthier famoso mostrando detalhes da madeira,img/violino/stradivarius.jpg,upload,,,,,iniciante,,[],0,1,true,2026-02-13 18:01:39.533249
55dd4249-2fa2-4dad-baae-8c9c6fa3d208,35aff373-706c-47d8-8004-d8edcddb1e0c,video,História do baixo,Documentário.,https://www.youtube.com/watch?v=baixo8,youtube,,,,historia,iniciante,420,"[""historia"",""baixo""]",0,0,true,2025-06-16 04:38:10.049188
55eaf339-4094-43b5-ad69-f8e8f737a530,761a3318-9a5e-46f3-88f2-62159b96100c,audio,Concerto Tchaikovsky,Primeiro movimento do famoso concerto,audio/violino/tchaikovsky_concerto.mp3,upload,,,,,avancado,,[],0,8,false,2026-02-13 18:01:39.533249
55efcceb-88c8-403f-9324-ae3be0f1c2ad,80436b4f-15c1-452f-9442-34e42b5117e4,video,Técnica de Vibrato,Demonstração da técnica de vibrato no violino,https://youtube.com/watch?v=violin_vibrato,youtube,,,,tutorial,avancado,,[],0,5,true,2026-02-13 17:57:36.711969
5602ca9e-c5c2-471b-a4b2-ecb66bfa3709,63ebeaeb-be5d-4c26-a5cf-f59b71423401,video,Violino no Jazz,Improvisação jazzística no violino,https://youtube.com/watch?v=jazz_violin,youtube,,,,performance,avancado,,[],0,7,true,2026-02-13 18:01:39.533249
563a67d9-9acd-4b98-aaa0-847947b5dfac,cca87ab1-8ad4-4876-a8d8-190f85927952,video,Primeiros Passos no Violino,Aula básica de como segurar o violino e o arco,https://youtube.com/watch?v=violin_basics,youtube,,,,tutorial,iniciante,,[],0,4,true,2026-02-13 17:57:36.711969
5649ba4c-3969-4f71-a3fe-79d516e86f1a,1f8c0a22-f3fc-4f51-8938-6e1cc6e24f85,3d,Modelo 3D Violino (rep),Modelo tridimensional interativo do violino,models/violino_3d.glb,upload,,,,,iniciante,,[],0,10,true,2026-02-13 18:01:39.533249
565f38d7-fbf8-4f33-bd54-e0ce58f909fb,c75fe646-ff86-4420-98f0-a0f25d39de45,audio,Capricho Paganini (rep),Capricho nº 24 de Paganini,audio/violino/paganini_caprice.mp3,upload,,,,,avancado,,[],0,9,false,2026-02-13 18:01:39.533249
566ee0be-3f55-48a1-8042-ac14e82a4e47,d7c80fe1-ab43-4920-b2aa-d9b4f3ace166,imagem,Detalhe das chaves,Close nas chaves do clarinete,/midias/clarinete/chaves.jpg,upload,,,,tecnica,intermediario,,"[""chaves"",""clarinete""]",0,0,true,2025-06-15 19:19:49.258132
5685fe46-ffb9-4537-b2f5-d95c68a298f5,9c3a903d-8750-4ded-9341-c876a6d6de93,video,Técnica de Vibrato,Demonstração da técnica de vibrato no violino,https://youtube.com/watch?v=violin_vibrato,youtube,,,,tutorial,avancado,,[],0,5,true,2026-02-13 17:57:36.711969
56a84605-9ceb-4e06-9f3d-dd0099b42ff9,7b6ae164-dfdf-452d-a5c3-d01554861444,audio,Capricho Paganini,Capricho nº 24 de Paganini,audio/violino/paganini_caprice.mp3,upload,,,,,avancado,,[],0,9,true,2026-02-13 18:01:39.533249
56bbd4a6-2d2f-4b91-9ce1-2b4b63bc57bf,0e52514e-58c3-463a-a6e4-f71a1439f9b7,imagem,Anatomia do Violino (rep),Diagrama educativo das partes do violino,img/violino/anatomia.jpg,upload,,,,,iniciante,,[],0,2,true,2026-02-13 18:01:39.533249
57118c8e-42f3-4c9e-871f-afd2fa5adf24,cca87ab1-8ad4-4876-a8d8-190f85927952,video,Técnica de Vibrato,Demonstração da técnica de vibrato no violino,https://youtube.com/watch?v=violin_vibrato,youtube,,,,tutorial,avancado,,[],0,5,true,2026-02-13 17:57:36.711969
5748587e-7793-402a-a5d2-54bd0083e458,f8653cdb-e2e7-479a-bfff-c8643859b866,3d,Modelo 3D Violino (rep),Modelo tridimensional interativo do violino,models/violino_3d.glb,upload,,,,,iniciante,,[],0,10,true,2026-02-13 18:01:39.533249
5760d840-eb9d-47c0-a4b3-b992e65ee237,4445b5c9-dcdf-4dd3-8ce6-bb04a22127ce,video,Técnica de Vibrato,Demonstração da técnica de vibrato no violino,https://youtube.com/watch?v=violin_vibrato,youtube,,,,tutorial,avancado,,[],0,5,true,2026-02-13 18:01:39.533249
576a383f-b003-4267-8a48-00b351fc16dd,96b547b5-e685-40f8-952c-9dfce2ad4dc6,video,Violino no Jazz,Improvisação jazzística no violino,https://youtube.com/watch?v=jazz_violin,youtube,,,,performance,avancado,,[],0,7,true,2026-02-13 18:01:39.533249
57a2e37a-f4cf-450d-b426-d2a5e765683f,6b11dc1a-295f-4458-9c08-2bcec09ff3ec,imagem,Violino Stradivarius (rep),Violino clássico de luthier famoso mostrando detalhes da madeira,img/violino/stradivarius.jpg,upload,,,,,iniciante,,[],0,1,true,2026-02-13 18:01:39.533249
57c03a63-1281-434e-9077-b59d33c82b90,1f8c0a22-f3fc-4f51-8938-6e1cc6e24f85,audio,Concerto Tchaikovsky,Primeiro movimento do famoso concerto,audio/violino/tchaikovsky_concerto.mp3,upload,,,,,avancado,,[],0,8,true,2026-02-13 17:57:36.711969
57c4b75d-182a-4a0c-904a-8f739650a451,750450cf-e14e-4f02-944e-b3c1bb0f87a4,audio,Concerto Tchaikovsky (rep),Primeiro movimento do famoso concerto,audio/violino/tchaikovsky_concerto.mp3,upload,,,,,avancado,,[],0,8,true,2026-02-13 18:01:39.533249
57ce6365-1591-46cd-8b31-958dc256da70,82052c70-0a9d-4d94-873e-3b402e032f55,audio,Capricho Paganini,Capricho nº 24 de Paganini,audio/violino/paganini_caprice.mp3,upload,,,,,avancado,,[],0,9,false,2026-02-13 18:01:39.533249
57d21014-297b-486a-863d-3b5d904c3f81,13912e91-7b48-4a8d-82b7-b59515c2a0d3,imagem,Anatomia do Violino,Diagrama educativo das partes do violino,img/violino/anatomia.jpg,upload,,,,,iniciante,,[],0,2,true,2026-02-13 18:01:39.533249
57d65354-54cc-4bd3-b63b-4322a453f2ba,56e32061-7ed6-495d-9bc1-00cdb345b02e,video,Primeiros Passos no Violino,Aula básica de como segurar o violino e o arco,https://youtube.com/watch?v=violin_basics,youtube,,,,tutorial,iniciante,,[],0,4,true,2026-02-13 17:57:36.711969
57d7cf1e-ad96-417b-8728-e9ad7c8329cf,cca87ab1-8ad4-4876-a8d8-190f85927952,imagem,Postura do Violinista,Demonstração da postura correta para tocar violino,img/violino/postura.jpg,upload,,,,,iniciante,,[],0,3,false,2026-02-13 18:01:39.533249
57ea3277-5a29-4067-b089-ecec1e3c923a,9a5e0eac-114e-4173-90af-32b55c870675,video,Ave Maria - Schubert,Performance clássica da famosa peça,https://youtube.com/watch?v=ave_maria_violin,youtube,,,,performance,intermediario,,[],0,6,true,2026-02-13 18:01:39.533249
5810151e-b70c-4139-851b-eac95704bd0d,9b42a23b-ac7f-42e1-8a04-bde4c525fbde,video,Articulação,Articulação no oboé.,https://www.youtube.com/watch?v=oboe3,youtube,,,,tecnica,iniciante,180,"[""articulacao"",""oboe""]",0,0,true,2025-06-20 05:15:55.927047
581a4154-52a2-4f89-8e03-b267ac7b00ad,96b547b5-e685-40f8-952c-9dfce2ad4dc6,video,Primeiros Passos no Violino,Aula básica de como segurar o violino e o arco,https://youtube.com/watch?v=violin_basics,youtube,,,,tutorial,iniciante,,[],0,4,false,2026-02-13 18:01:39.533249
585156d2-8259-4a75-9384-5adc6a556fa6,e54b748d-3b1b-48ba-b65e-ec1e476e94ad,video,Técnica de Vibrato (rep),Demonstração da técnica de vibrato no violino,https://youtube.com/watch?v=violin_vibrato,youtube,,,,tutorial,avancado,,[],0,5,true,2026-02-13 18:01:39.533249
585b8080-4602-4c70-aca7-3bd3c243e4ac,9edff4db-9ef5-43fc-970a-7d2086de223b,3d,Modelo 3D Violino,Modelo tridimensional interativo do violino,models/violino_3d.glb,upload,,,,,iniciante,,[],0,10,true,2026-02-13 17:57:36.711969
5876034b-be6a-4658-9b13-c21594c0f85b,750450cf-e14e-4f02-944e-b3c1bb0f87a4,video,Ave Maria - Schubert,Performance clássica da famosa peça,https://youtube.com/watch?v=ave_maria_violin,youtube,,,,performance,intermediario,,[],0,6,false,2026-02-13 18:01:39.533249
58863763-441f-47b8-a467-ad19ad78c7a0,bee0f63a-e248-4f2c-9325-0a23cb3c5a8e,imagem,Postura do Violinista,Demonstração da postura correta para tocar violino,img/violino/postura.jpg,upload,,,,,iniciante,,[],0,3,false,2026-02-13 18:01:39.533249
589cc758-ed4a-4d74-b29d-82c2924a5ed2,df168c2e-275a-44ed-9ee7-af356bf724e5,imagem,Violino Stradivarius,Violino clássico de luthier famoso mostrando detalhes da madeira,img/violino/stradivarius.jpg,upload,,,,,iniciante,,[],0,1,false,2026-02-13 18:01:39.533249
58bde337-de67-4cff-a9c5-14b5b90275ee,86f83611-c0db-470c-87e7-31ee81b1a009,video,Primeiros Passos no Violino,Aula básica de como segurar o violino e o arco,https://youtube.com/watch?v=violin_basics,youtube,,,,tutorial,iniciante,,[],0,4,false,2026-02-13 18:01:39.533249
58d236a6-cbb7-467c-a85a-ae2a163d7e9b,c75fe646-ff86-4420-98f0-a0f25d39de45,video,Ave Maria - Schubert,Performance clássica da famosa peça,https://youtube.com/watch?v=ave_maria_violin,youtube,,,,performance,intermediario,,[],0,6,true,2026-02-13 18:01:39.533249
58e5e31d-c029-486b-b32e-c06c1b9273b3,86f83611-c0db-470c-87e7-31ee81b1a009,imagem,Postura do Violinista,Demonstração da postura correta para tocar violino,img/violino/postura.jpg,upload,,,,,iniciante,,[],0,3,false,2026-02-13 18:01:39.533249
58ef3dc7-9436-4d83-81c0-d7deef955218,6925f61b-ba48-473a-b69a-e3548036c1df,video,Ave Maria - Schubert,Performance clássica da famosa peça,https://youtube.com/watch?v=ave_maria_violin,youtube,,,,performance,intermediario,,[],0,6,false,2026-02-13 18:01:39.533249
5936a2c0-e80b-4c56-b559-4fc237d49818,9edff4db-9ef5-43fc-970a-7d2086de223b,video,Primeiros Passos no Violino (rep),Aula básica de como segurar o violino e o arco,https://youtube.com/watch?v=violin_basics,youtube,,,,tutorial,iniciante,,[],0,4,true,2026-02-13 18:01:39.533249
593f47f0-ba24-4cc3-a587-fbd2e9a64511,a0f53672-7d87-4ab4-a64f-b551fc1a380d,audio,Capricho Paganini (rep),Capricho nº 24 de Paganini,audio/violino/paganini_caprice.mp3,upload,,,,,avancado,,[],0,9,true,2026-02-13 18:01:39.533249
59534948-f134-4fcf-af49-622017213e54,36040329-1aa6-428a-ad39-cd85de03493e,imagem,Violino Stradivarius,Violino clássico de luthier famoso mostrando detalhes da madeira,img/violino/stradivarius.jpg,upload,,,,,iniciante,,[],0,1,true,2026-02-13 17:57:36.711969
5960fffe-db2a-4c14-a114-89c9d9b48704,4d78c5a4-04bf-452d-b326-83e7c72c10ef,video,Primeiros Passos no Violino,Aula básica de como segurar o violino e o arco,https://youtube.com/watch?v=violin_basics,youtube,,,,tutorial,iniciante,,[],0,4,true,2026-02-13 18:01:39.533249
59646977-29ac-4de6-9475-1c2884f1dc39,4d78c5a4-04bf-452d-b326-83e7c72c10ef,video,Primeiros Passos no Violino,Aula básica de como segurar o violino e o arco,https://youtube.com/watch?v=violin_basics,youtube,,,,tutorial,iniciante,,[],0,4,true,2026-02-13 17:57:36.711969
59920d36-4b2d-418a-a74e-12726ed5e3f0,34f9e29b-3d22-464a-b31c-c3f4fbb73328,imagem,Violino Stradivarius,Violino clássico de luthier famoso mostrando detalhes da madeira,img/violino/stradivarius.jpg,upload,,,,,iniciante,,[],0,1,true,2026-02-13 18:01:39.533249
59a86ec1-4fa3-413c-bcfc-e123c3f60c77,0b9c8c6b-0e47-471c-b83b-01c931410692,audio,Capricho Paganini,Capricho nº 24 de Paganini,audio/violino/paganini_caprice.mp3,upload,,,,,avancado,,[],0,9,true,2026-02-13 18:01:39.533249
59ac2928-edf0-4b84-bc4d-57c19916e519,34f9e29b-3d22-464a-b31c-c3f4fbb73328,audio,Capricho Paganini,Capricho nº 24 de Paganini,audio/violino/paganini_caprice.mp3,upload,,,,,avancado,,[],0,9,true,2026-02-13 18:01:39.533249
59bf4090-9568-4441-b2fa-1fdc0189ed23,412c40b6-f4fc-4379-9d6f-5ce0ec2d669d,video,Vibrato,Demonstração de vibrato.,https://www.youtube.com/watch?v=violoncelo6,youtube,,,,tecnica,intermediario,180,"[""vibrato"",""violoncelo""]",0,0,true,2025-06-15 19:35:06.847648
59c7d172-de6d-4a3f-ba59-a06fd09b3378,35aff373-706c-47d8-8004-d8edcddb1e0c,audio,Orquestra,Baixo em orquestra.,/midias/baixo/orquestra.mp3,upload,,,,performance,avancado,300,"[""orquestra"",""baixo""]",0,0,true,2025-06-16 04:38:10.049188
59da9bcf-e838-418b-b21a-ba903deafbcf,761a3318-9a5e-46f3-88f2-62159b96100c,imagem,Postura do Violinista (rep),Demonstração da postura correta para tocar violino,img/violino/postura.jpg,upload,,,,,iniciante,,[],0,3,true,2026-02-13 18:01:39.533249
5a068f01-29c9-4dfb-bcde-9fc9e4992f1c,26cadf44-6d7b-4f9b-85d6-6b2c40715f45,audio,Solo,Trecho solo.,/midias/saxofone/solo.mp3,upload,,,,performance,avancado,180,"[""solo"",""saxofone""]",0,0,false,2025-06-16 00:57:47.581967
5a0e2a9a-8343-4489-b462-2f2d0222749c,e54b748d-3b1b-48ba-b65e-ec1e476e94ad,video,Técnica de Vibrato,Demonstração da técnica de vibrato no violino,https://youtube.com/watch?v=violin_vibrato,youtube,,,,tutorial,avancado,,[],0,5,true,2026-02-13 18:01:39.533249
5a2b805e-a89b-42b1-9954-aa0a80f59077,36b9d36d-f65b-4ba1-89be-4ab3707e874c,video,Escala de Dó,Execução da escala de Dó.,https://www.youtube.com/watch?v=fagote4,youtube,,,,tecnica,iniciante,180,"[""escala"",""fagote""]",0,0,true,2025-06-20 02:48:24.932103
5a2bdd6e-4850-479d-a097-6fadeb34452b,32705505-7727-4d27-b7bd-b08e7c90c233,video,Ave Maria - Schubert,Performance clássica da famosa peça,https://youtube.com/watch?v=ave_maria_violin,youtube,,,,performance,intermediario,,[],0,6,true,2026-02-13 18:01:39.533249
5a733a3b-f5d8-4536-af01-133babe71f5a,57d10b2f-c49f-460d-8fab-3da3065c15c2,video,Primeiros Passos no Violino,Aula básica de como segurar o violino e o arco,https://youtube.com/watch?v=violin_basics,youtube,,,,tutorial,iniciante,,[],0,4,true,2026-02-13 18:01:39.533249
5a75ae09-e5cc-426a-aee3-4d4b15a666cb,e54b748d-3b1b-48ba-b65e-ec1e476e94ad,3d,Modelo 3D Violino,Modelo tridimensional interativo do violino,models/violino_3d.glb,upload,,,,,iniciante,,[],0,10,false,2026-02-13 18:01:39.533249
5afe0034-b547-4b7c-9c3f-f8cc146a8d44,df168c2e-275a-44ed-9ee7-af356bf724e5,imagem,Violino Stradivarius,Violino clássico de luthier famoso mostrando detalhes da madeira,img/violino/stradivarius.jpg,upload,,,,,iniciante,,[],0,1,true,2026-02-13 17:57:36.711969
5b0bc2e5-8e43-4407-8c86-0e4bf5959710,cca87ab1-8ad4-4876-a8d8-190f85927952,audio,Capricho Paganini,Capricho nº 24 de Paganini,audio/violino/paganini_caprice.mp3,upload,,,,,avancado,,[],0,9,true,2026-02-13 17:57:36.711969
5b0e7504-a47e-4995-8f52-91024f01f60e,df49fd27-9bcd-4462-a0f8-b36f0ff9f97f,video,Primeiros Acordes na Guitarra,Tutorial básico dos acordes fundamentais,https://youtube.com/watch?v=guitar_chords,youtube,,,,tutorial,iniciante,,[],0,4,true,2025-06-09 04:27:22.284765
5b15e008-933a-4b6b-bde3-3202114c3245,df168c2e-275a-44ed-9ee7-af356bf724e5,video,Técnica de Vibrato,Demonstração da técnica de vibrato no violino,https://youtube.com/watch?v=violin_vibrato,youtube,,,,tutorial,avancado,,[],0,5,true,2026-02-13 18:01:39.533249
5b160f20-5a96-451a-a810-a15d255ce6bf,509d6a26-159a-4976-aa46-83f914f930aa,video,Ave Maria - Schubert,Performance clássica da famosa peça,https://youtube.com/watch?v=ave_maria_violin,youtube,,,,performance,intermediario,,[],0,6,true,2026-02-13 17:57:36.711969
5b4cfc25-df34-4688-85b8-9e69a3740989,3702e3f9-bc82-42b6-ae32-c770081b3ec2,audio,Concerto Tchaikovsky,Primeiro movimento do famoso concerto,audio/violino/tchaikovsky_concerto.mp3,upload,,,,,avancado,,[],0,8,true,2026-02-13 17:57:36.711969
5b52a22e-0821-4020-a4b5-468eed840cf6,57d10b2f-c49f-460d-8fab-3da3065c15c2,video,Técnica de Vibrato,Demonstração da técnica de vibrato no violino,https://youtube.com/watch?v=violin_vibrato,youtube,,,,tutorial,avancado,,[],0,5,false,2026-02-13 18:01:39.533249
5b5eeb45-e2f6-43c7-8b68-071b82153cb5,4d78c5a4-04bf-452d-b326-83e7c72c10ef,video,Primeiros Passos no Violino (rep),Aula básica de como segurar o violino e o arco,https://youtube.com/watch?v=violin_basics,youtube,,,,tutorial,iniciante,,[],0,4,true,2026-02-13 18:01:39.533249
5bd29f00-1fb1-41cf-a6a2-b449b8713cac,34f9e29b-3d22-464a-b31c-c3f4fbb73328,3d,Modelo 3D Violino,Modelo tridimensional interativo do violino,models/violino_3d.glb,upload,,,,,iniciante,,[],0,10,true,2026-02-13 17:57:36.711969
5be0383d-ae48-446f-90c1-e748d5eb952a,492f792b-8d0c-46b7-a195-c8c32114696d,video,Primeiros Passos no Violino,Aula básica de como segurar o violino e o arco,https://youtube.com/watch?v=violin_basics,youtube,,,,tutorial,iniciante,,[],0,4,true,2026-02-13 17:57:36.711969
5c00cf2a-c9ae-433f-b5a5-b55d50fe51c1,0b9c8c6b-0e47-471c-b83b-01c931410692,video,Técnica de Vibrato (rep),Demonstração da técnica de vibrato no violino,https://youtube.com/watch?v=violin_vibrato,youtube,,,,tutorial,avancado,,[],0,5,true,2026-02-13 18:01:39.533249
5c3dc9a5-a42e-414b-a1d2-447d4a5bd7f2,df168c2e-275a-44ed-9ee7-af356bf724e5,video,Violino no Jazz (rep),Improvisação jazzística no violino,https://youtube.com/watch?v=jazz_violin,youtube,,,,performance,avancado,,[],0,7,false,2026-02-13 18:01:39.533249
5c84a2f8-038a-47cc-b78c-eea85726bca5,9c3a903d-8750-4ded-9341-c876a6d6de93,video,Primeiros Passos no Violino (rep),Aula básica de como segurar o violino e o arco,https://youtube.com/watch?v=violin_basics,youtube,,,,tutorial,iniciante,,[],0,4,false,2026-02-13 18:01:39.533249
5ca2eb8d-6537-45a2-aa0a-8fb3e8e5bd04,1b699036-0f72-4c48-9801-e01f6f25e165,audio,Concerto Tchaikovsky (rep),Primeiro movimento do famoso concerto,audio/violino/tchaikovsky_concerto.mp3,upload,,,,,avancado,,[],0,8,false,2026-02-13 18:01:39.533249
5cc14543-46fb-4c78-9cbd-1daad59d15a0,d7c80fe1-ab43-4920-b2aa-d9b4f3ace166,audio,Legato,Exemplo de legato,/midias/clarinete/legato.mp3,upload,,,,tecnica,iniciante,30,"[""legato"",""clarinete""]",0,0,true,2025-06-15 19:19:49.258132
5cee1387-aaf0-407b-8aa3-8c333701c78d,1b699036-0f72-4c48-9801-e01f6f25e165,imagem,Postura do Violinista,Demonstração da postura correta para tocar violino,img/violino/postura.jpg,upload,,,,,iniciante,,[],0,3,true,2026-02-13 17:57:36.711969
5cf06ea8-4c91-4e3d-9de9-18b3c20eac98,4bc1c064-fa97-43f5-b6d7-d466ca66635d,imagem,Violino Stradivarius,Violino clássico de luthier famoso mostrando detalhes da madeira,img/violino/stradivarius.jpg,upload,,,,,iniciante,,[],0,1,true,2026-02-13 18:01:39.533249
5cf17234-6944-4cc2-8ecc-b5f0e428eca2,b7425269-f2bb-454c-8c61-e3e9d028c9b4,audio,Concerto Tchaikovsky,Primeiro movimento do famoso concerto,audio/violino/tchaikovsky_concerto.mp3,upload,,,,,avancado,,[],0,8,true,2026-02-13 17:57:36.711969
5d027fd8-43e3-4eaa-b849-46ccfc0a0ab7,32705505-7727-4d27-b7bd-b08e7c90c233,video,Ave Maria - Schubert,Performance clássica da famosa peça,https://youtube.com/watch?v=ave_maria_violin,youtube,,,,performance,intermediario,,[],0,6,true,2026-02-13 18:01:39.533249
5d59ce65-b117-413a-8ade-333a3c77a204,87ee66bf-bb70-4e70-9aa3-4bff514ced4e,audio,Capricho Paganini (rep),Capricho nº 24 de Paganini,audio/violino/paganini_caprice.mp3,upload,,,,,avancado,,[],0,9,true,2026-02-13 18:01:39.533249
5d61ce1d-aeee-4498-aedb-4fc7eb57495b,1f8c0a22-f3fc-4f51-8938-6e1cc6e24f85,imagem,Anatomia do Violino,Diagrama educativo das partes do violino,img/violino/anatomia.jpg,upload,,,,,iniciante,,[],0,2,true,2026-02-13 18:01:39.533249
5d6f9b4e-abb8-483e-9f51-ac09b0639b22,92ecdeff-3480-4f27-85cd-86f12622cf9f,3d,Modelo 3D Violino,Modelo tridimensional interativo do violino,models/violino_3d.glb,upload,,,,,iniciante,,[],0,10,true,2026-02-13 17:57:36.711969
5d7287b3-8be2-46dc-ac53-c328bf94b6f9,92ecdeff-3480-4f27-85cd-86f12622cf9f,3d,Modelo 3D Violino,Modelo tridimensional interativo do violino,models/violino_3d.glb,upload,,,,,iniciante,,[],0,10,true,2026-02-13 18:01:39.533249
5d75ac4f-8501-4fd4-9ed8-471ef2ac1a4c,b73f1d80-3d73-487e-89b8-ab35274a8dd4,imagem,Contrabaixo antigo,Instrumento histórico.,/midias/contrabaixo/antigo.jpg,upload,,,,historia,avancado,,"[""historia"",""contrabaixo""]",0,0,true,2025-06-16 05:28:34.120792
5da4964b-a890-4538-af36-2aec8c4b1e59,9a5e0eac-114e-4173-90af-32b55c870675,video,Técnica de Vibrato,Demonstração da técnica de vibrato no violino,https://youtube.com/watch?v=violin_vibrato,youtube,,,,tutorial,avancado,,[],0,5,false,2026-02-13 18:01:39.533249
5db11013-e1f6-4380-8cb9-d6db67615bdc,2abbd218-b737-410e-934b-f9c8f3d2b806,video,Técnica de Vibrato,Demonstração da técnica de vibrato no violino,https://youtube.com/watch?v=violin_vibrato,youtube,,,,tutorial,avancado,,[],0,5,true,2026-02-13 17:57:36.711969
5dcc9364-3e0d-48fb-9ee8-3803ab3c4e5c,32705505-7727-4d27-b7bd-b08e7c90c233,video,Violino no Jazz,Improvisação jazzística no violino,https://youtube.com/watch?v=jazz_violin,youtube,,,,performance,avancado,,[],0,7,true,2026-02-13 18:01:39.533249
5dd221d9-c266-4a59-8e80-ee6ddea08fda,750450cf-e14e-4f02-944e-b3c1bb0f87a4,video,Técnica de Vibrato,Demonstração da técnica de vibrato no violino,https://youtube.com/watch?v=violin_vibrato,youtube,,,,tutorial,avancado,,[],0,5,false,2026-02-13 18:01:39.533249
5dd98ab2-ff36-4a1e-bc53-5ec1ca899eec,d7c80fe1-ab43-4920-b2aa-d9b4f3ace166,imagem,Clarinetista em orquestra,Foto em performance,/midias/clarinete/orquestra.jpg,upload,,,,performance,intermediario,,"[""performance"",""orquestra"",""clarinete""]",0,0,true,2025-06-15 19:19:49.258132
5de52288-421b-4128-ab4b-fca693b67a8c,8ddb4eea-18b9-4b8f-bb85-16a1f5474f87,imagem,Postura do Violinista,Demonstração da postura correta para tocar violino,img/violino/postura.jpg,upload,,,,,iniciante,,[],0,3,false,2026-02-13 18:01:39.533249
5df6bcd5-84dd-4dc0-87ad-311ca0d2fed9,492f792b-8d0c-46b7-a195-c8c32114696d,imagem,Violino Stradivarius,Violino clássico de luthier famoso mostrando detalhes da madeira,img/violino/stradivarius.jpg,upload,,,,,iniciante,,[],0,1,true,2026-02-13 18:01:39.533249
5e03d940-5daf-48e8-b475-a780e821d85d,13912e91-7b48-4a8d-82b7-b59515c2a0d3,audio,Capricho Paganini (rep),Capricho nº 24 de Paganini,audio/violino/paganini_caprice.mp3,upload,,,,,avancado,,[],0,9,false,2026-02-13 18:01:39.533249
5e328aa3-0752-4957-ac99-b5b937dc13dc,cca87ab1-8ad4-4876-a8d8-190f85927952,video,Primeiros Passos no Violino (rep),Aula básica de como segurar o violino e o arco,https://youtube.com/watch?v=violin_basics,youtube,,,,tutorial,iniciante,,[],0,4,true,2026-02-13 18:01:39.533249
5e54c664-7575-463e-a09c-faf6a807a813,bee0f63a-e248-4f2c-9325-0a23cb3c5a8e,3d,Modelo 3D Violino (rep),Modelo tridimensional interativo do violino,models/violino_3d.glb,upload,,,,,iniciante,,[],0,10,true,2026-02-13 18:01:39.533249
5e63e1c8-4436-4892-9a23-a6c20557da9e,7b6ae164-dfdf-452d-a5c3-d01554861444,imagem,Anatomia do Violino,Diagrama educativo das partes do violino,img/violino/anatomia.jpg,upload,,,,,iniciante,,[],0,2,true,2026-02-13 17:57:36.711969
5e765a8c-906f-48b5-b7ac-660ad7730d6a,a0f53672-7d87-4ab4-a64f-b551fc1a380d,imagem,Violino Stradivarius,Violino clássico de luthier famoso mostrando detalhes da madeira,img/violino/stradivarius.jpg,upload,,,,,iniciante,,[],0,1,true,2026-02-13 17:57:36.711969
5e820087-5b0e-4703-a7fc-bd5feb6315d0,174f6ed4-3c21-444a-acfa-5149f53f2ca0,video,Técnica de Vibrato,Demonstração da técnica de vibrato no violino,https://youtube.com/watch?v=violin_vibrato,youtube,,,,tutorial,avancado,,[],0,5,true,2026-02-13 17:57:36.711969
5e9d726b-4cb0-4171-b547-745587306f2b,df49fd27-9bcd-4462-a0f8-b36f0ff9f97f,video,Violino no Jazz,Improvisação jazzística no violino,https://youtube.com/watch?v=jazz_violin,youtube,,,,performance,avancado,,[],0,7,true,2026-02-13 17:57:36.711969
5ea43953-3480-4d24-b575-c5bffb0c3cc9,b73f1d80-3d73-487e-89b8-ab35274a8dd4,imagem,Contrabaixo desmontado,Partes internas.,/midias/contrabaixo/desmontado.jpg,upload,,,,tecnica,iniciante,,"[""desmontado"",""contrabaixo""]",0,0,true,2025-06-16 05:28:34.120792
5eda1054-0202-4ce4-9780-e801a6525023,3e02292d-bd2f-46ed-9b9e-a0c8b0acd996,video,Técnica de Vibrato,Demonstração da técnica de vibrato no violino,https://youtube.com/watch?v=violin_vibrato,youtube,,,,tutorial,avancado,,[],0,5,true,2026-02-13 17:57:36.711969
5f1e05a6-953d-4e17-97ec-85a88842f48e,2abbd218-b737-410e-934b-f9c8f3d2b806,audio,Capricho Paganini (rep),Capricho nº 24 de Paganini,audio/violino/paganini_caprice.mp3,upload,,,,,avancado,,[],0,9,true,2026-02-13 18:01:39.533249
5f204238-aceb-4863-a0ed-5ec0a6a643f4,8bd473f1-7b35-4b9e-869a-17fb73c6e047,imagem,Teclas,Detalhe das teclas.,/midias/teclado/teclas.jpg,upload,,,,tecnica,iniciante,,"[""teclas"",""teclado""]",0,0,true,2025-06-15 20:36:24.121938
5f37e581-c6da-4ac3-b800-cf27950c266e,9edff4db-9ef5-43fc-970a-7d2086de223b,audio,Capricho Paganini,Capricho nº 24 de Paganini,audio/violino/paganini_caprice.mp3,upload,,,,,avancado,,[],0,9,false,2026-02-13 18:01:39.533249
5f56b603-ea83-40e9-aa34-3c4b5c7493d5,761a3318-9a5e-46f3-88f2-62159b96100c,audio,Concerto Tchaikovsky,Primeiro movimento do famoso concerto,audio/violino/tchaikovsky_concerto.mp3,upload,,,,,avancado,,[],0,8,true,2026-02-13 17:57:36.711969
5f63306e-6a22-46d0-9a84-7199708ef802,4bc1c064-fa97-43f5-b6d7-d466ca66635d,video,Técnica de Vibrato,Demonstração da técnica de vibrato no violino,https://youtube.com/watch?v=violin_vibrato,youtube,,,,tutorial,avancado,,[],0,5,false,2026-02-13 18:01:39.533249
5f73b3aa-b6ae-472c-a791-f45a64affa33,c75fe646-ff86-4420-98f0-a0f25d39de45,imagem,Postura do Violinista,Demonstração da postura correta para tocar violino,img/violino/postura.jpg,upload,,,,,iniciante,,[],0,3,true,2026-02-13 18:01:39.533249
5f8508ba-e4d9-46a8-b071-c579ae3a6e2f,ab9720a5-1973-484e-9a44-d4aa62594336,3d,Modelo 3D Piano de Cauda,Exploração interativa de todas as partes do piano,/models/piano_3d.obj,upload,,,,demonstracao,iniciante,,"[""3d"",""interativo"",""anatomia""]",0,0,true,2025-06-08 15:24:29.575428
5f8d332c-e5a9-4ef7-aafe-546516805119,35da6877-2528-4f37-9ab4-b44893ad1dbf,3d,Modelo 3D Violino,Modelo tridimensional interativo do violino,models/violino_3d.glb,upload,,,,,iniciante,,[],0,10,false,2026-02-13 18:01:39.533249
5f997b42-53cf-4608-9e0e-b7ee51b7420c,64b94e98-6ad2-4e7f-9aa0-b57f6bb58df1,video,Ave Maria - Schubert,Performance clássica da famosa peça,https://youtube.com/watch?v=ave_maria_violin,youtube,,,,performance,intermediario,,[],0,6,true,2026-02-13 18:01:39.533249
5f9b8ffb-9e52-4690-940d-dc4c0a39fe88,82052c70-0a9d-4d94-873e-3b402e032f55,3d,Modelo 3D Violino,Modelo tridimensional interativo do violino,models/violino_3d.glb,upload,,,,,iniciante,,[],0,10,false,2026-02-13 18:01:39.533249
5fa84b0d-5391-4914-bae7-8da2e1e068d3,64b94e98-6ad2-4e7f-9aa0-b57f6bb58df1,audio,Capricho Paganini (rep),Capricho nº 24 de Paganini,audio/violino/paganini_caprice.mp3,upload,,,,,avancado,,[],0,9,true,2026-02-13 18:01:39.533249
5fd9543b-838f-4908-9192-423db4569b39,e48ad87b-d237-45e4-a707-05374c4240fa,video,Técnica de Vibrato,Demonstração da técnica de vibrato no violino,https://youtube.com/watch?v=violin_vibrato,youtube,,,,tutorial,avancado,,[],0,5,true,2026-02-13 18:01:39.533249
5ff8b2eb-e2a8-4e46-affb-2c1fb7a9376e,e54b748d-3b1b-48ba-b65e-ec1e476e94ad,video,Ave Maria - Schubert,Performance clássica da famosa peça,https://youtube.com/watch?v=ave_maria_violin,youtube,,,,performance,intermediario,,[],0,6,true,2026-02-13 18:01:39.533249
6028b155-7b17-46ae-a739-7f682af1fecd,bee0f63a-e248-4f2c-9325-0a23cb3c5a8e,video,Violino no Jazz,Improvisação jazzística no violino,https://youtube.com/watch?v=jazz_violin,youtube,,,,performance,avancado,,[],0,7,true,2026-02-13 18:01:39.533249
603fe55d-1464-4503-abcc-76e8535a4644,ee709f67-e4e4-4f9c-9001-7574e4d8dfa0,3d,Modelo 3D Violino (rep),Modelo tridimensional interativo do violino,models/violino_3d.glb,upload,,,,,iniciante,,[],0,10,true,2026-02-13 18:01:39.533249
60783256-3a77-4f33-9a50-f0400fcb0f8b,6b11dc1a-295f-4458-9c08-2bcec09ff3ec,audio,Capricho Paganini,Capricho nº 24 de Paganini,audio/violino/paganini_caprice.mp3,upload,,,,,avancado,,[],0,9,false,2026-02-13 18:01:39.533249
607a0768-a0ca-4148-91e9-04d7c903fbb2,ac116dcb-4fd4-4ef6-b6fb-f4ff1287bf68,video,Violino no Jazz,Improvisação jazzística no violino,https://youtube.com/watch?v=jazz_violin,youtube,,,,performance,avancado,,[],0,7,true,2026-02-13 18:01:39.533249
608695a2-b2e6-4024-b5fc-7e4369199001,492f792b-8d0c-46b7-a195-c8c32114696d,imagem,Anatomia do Violino,Diagrama educativo das partes do violino,img/violino/anatomia.jpg,upload,,,,,iniciante,,[],0,2,true,2026-02-13 18:01:39.533249
608708f9-dafd-49a5-8429-a1274c3b2735,453ca164-6f0e-4554-b008-dd68bf4586c2,audio,Concerto Tchaikovsky,Primeiro movimento do famoso concerto,audio/violino/tchaikovsky_concerto.mp3,upload,,,,,avancado,,[],0,8,true,2026-02-13 18:01:39.533249
60a73e78-f582-45e8-a547-63b02e80015d,ee709f67-e4e4-4f9c-9001-7574e4d8dfa0,video,Primeiros Passos no Violino (rep),Aula básica de como segurar o violino e o arco,https://youtube.com/watch?v=violin_basics,youtube,,,,tutorial,iniciante,,[],0,4,true,2026-02-13 18:01:39.533249
60cb123a-c62f-4bf8-ba8e-188d6e644bd2,cca87ab1-8ad4-4876-a8d8-190f85927952,imagem,Violino Stradivarius (rep),Violino clássico de luthier famoso mostrando detalhes da madeira,img/violino/stradivarius.jpg,upload,,,,,iniciante,,[],0,1,true,2026-02-13 18:01:39.533249
60d8c690-f7b9-456a-9de0-75ce81ec4dbe,34f9e29b-3d22-464a-b31c-c3f4fbb73328,video,Primeiros Passos no Violino (rep),Aula básica de como segurar o violino e o arco,https://youtube.com/watch?v=violin_basics,youtube,,,,tutorial,iniciante,,[],0,4,false,2026-02-13 18:01:39.533249
60e80cbe-a696-43b0-8787-ec608e4a02bc,96b547b5-e685-40f8-952c-9dfce2ad4dc6,imagem,Anatomia do Violino,Diagrama educativo das partes do violino,img/violino/anatomia.jpg,upload,,,,,iniciante,,[],0,2,false,2026-02-13 18:01:39.533249
60e9084f-b590-4e4d-aeaf-98b52655fded,1f8c0a22-f3fc-4f51-8938-6e1cc6e24f85,3d,Modelo 3D Violino,Modelo tridimensional interativo do violino,models/violino_3d.glb,upload,,,,,iniciante,,[],0,10,true,2026-02-13 18:01:39.533249
60f46b23-4ccf-4072-9001-33351d894020,4c61dc18-2b1e-48c8-8a2e-2c730679d4a5,video,Técnica de Vibrato,Demonstração da técnica de vibrato no violino,https://youtube.com/watch?v=violin_vibrato,youtube,,,,tutorial,avancado,,[],0,5,true,2026-02-13 18:01:39.533249
60fed1a7-d78a-4f5d-b028-e34bb8e2c63a,36b9d36d-f65b-4ba1-89be-4ab3707e874c,audio,Legato,Execução legato.,/midias/fagote/legato.mp3,upload,,,,tecnica,iniciante,60,"[""legato"",""fagote""]",0,0,true,2025-06-20 02:48:24.932103
611347e1-b55e-4941-9e75-c65c577b37c0,26cadf44-6d7b-4f9b-85d6-6b2c40715f45,imagem,Sax desmontado,Partes separadas.,/midias/saxofone/desmontado.jpg,upload,,,,tecnica,iniciante,,"[""desmontado"",""saxofone""]",0,0,true,2025-06-16 00:56:26.375072
61293b9d-da1c-4620-90fe-0ff257c18d30,63ebeaeb-be5d-4c26-a5cf-f59b71423401,video,Técnica de Vibrato,Demonstração da técnica de vibrato no violino,https://youtube.com/watch?v=violin_vibrato,youtube,,,,tutorial,avancado,,[],0,5,true,2026-02-13 17:57:36.711969
612d82df-7ba8-4273-85a1-8d63aa679407,35da6877-2528-4f37-9ab4-b44893ad1dbf,video,Primeiros Passos no Violino,Aula básica de como segurar o violino e o arco,https://youtube.com/watch?v=violin_basics,youtube,,,,tutorial,iniciante,,[],0,4,true,2026-02-13 18:01:39.533249
614ff78f-4346-40d1-9b9d-9fcc80aead2b,3e02292d-bd2f-46ed-9b9e-a0c8b0acd996,imagem,Anatomia do Violino,Diagrama educativo das partes do violino,img/violino/anatomia.jpg,upload,,,,,iniciante,,[],0,2,true,2026-02-13 18:01:39.533249
6166c7ae-5c1b-43a2-8e4f-523e69f6ed69,492f792b-8d0c-46b7-a195-c8c32114696d,video,Primeiros Passos no Violino,Aula básica de como segurar o violino e o arco,https://youtube.com/watch?v=violin_basics,youtube,,,,tutorial,iniciante,,[],0,4,true,2026-02-13 18:01:39.533249
6178f476-be1c-489a-8e01-ead37eb66fb7,63ebeaeb-be5d-4c26-a5cf-f59b71423401,3d,Modelo 3D Violino (rep),Modelo tridimensional interativo do violino,models/violino_3d.glb,upload,,,,,iniciante,,[],0,10,true,2026-02-13 18:01:39.533249
6197aa04-71dd-4977-9686-b4de05f6faf8,32705505-7727-4d27-b7bd-b08e7c90c233,imagem,Anatomia do Violino,Diagrama educativo das partes do violino,img/violino/anatomia.jpg,upload,,,,,iniciante,,[],0,2,false,2026-02-13 18:01:39.533249
61a016c8-eeb4-4e19-86eb-8753f9dca00b,11a7bc0c-232f-40dc-92ac-4d15aebd2d52,audio,Concerto Tchaikovsky,Primeiro movimento do famoso concerto,audio/violino/tchaikovsky_concerto.mp3,upload,,,,,avancado,,[],0,8,true,2026-02-13 18:01:39.533249
61aaf45e-9a54-4e48-9c57-03eddf5dca2f,32705505-7727-4d27-b7bd-b08e7c90c233,audio,Concerto Tchaikovsky,Primeiro movimento do famoso concerto,audio/violino/tchaikovsky_concerto.mp3,upload,,,,,avancado,,[],0,8,true,2026-02-13 18:01:39.533249
61ad8b92-f82e-41a2-b8fc-ac03cc0cda6f,4c61dc18-2b1e-48c8-8a2e-2c730679d4a5,3d,Modelo 3D Violino,Modelo tridimensional interativo do violino,models/violino_3d.glb,upload,,,,,iniciante,,[],0,10,true,2026-02-13 18:01:39.533249
61c6e78d-f6f2-4c4a-bf4d-9f649dc56cac,fb125188-c48e-4d89-a46e-11c3b600dabd,imagem,Postura do Violinista,Demonstração da postura correta para tocar violino,img/violino/postura.jpg,upload,,,,,iniciante,,[],0,3,true,2026-02-13 17:57:36.711969
61c87c1c-5942-4ca3-8387-0fd104da2a75,df42056c-8a3e-454c-aeca-73b4d608b85c,video,Violino no Jazz,Improvisação jazzística no violino,https://youtube.com/watch?v=jazz_violin,youtube,,,,performance,avancado,,[],0,7,true,2026-02-13 17:57:36.711969
61ca0683-534c-4c3a-b28e-a15f6d49321e,e48ad87b-d237-45e4-a707-05374c4240fa,imagem,Anatomia do Violino,Diagrama educativo das partes do violino,img/violino/anatomia.jpg,upload,,,,,iniciante,,[],0,2,false,2026-02-13 18:01:39.533249
61cca7cc-e945-4476-a9bc-112a660bd850,bc665a4e-e301-44d3-b8bf-decb09422d71,video,Primeiros Passos no Violino,Aula básica de como segurar o violino e o arco,https://youtube.com/watch?v=violin_basics,youtube,,,,tutorial,iniciante,,[],0,4,false,2026-02-13 18:01:39.533249
61e6f1c7-e2b7-4437-b15b-cec4b50d2b65,492f792b-8d0c-46b7-a195-c8c32114696d,audio,Concerto Tchaikovsky,Primeiro movimento do famoso concerto,audio/violino/tchaikovsky_concerto.mp3,upload,,,,,avancado,,[],0,8,true,2026-02-13 18:01:39.533249
61f3a220-e76d-4be7-89d8-468ee16ade86,80436b4f-15c1-452f-9442-34e42b5117e4,video,Violino no Jazz,Improvisação jazzística no violino,https://youtube.com/watch?v=jazz_violin,youtube,,,,performance,avancado,,[],0,7,true,2026-02-13 17:57:36.711969
620411a0-0b3b-43bc-a895-f48774639556,3702e3f9-bc82-42b6-ae32-c770081b3ec2,audio,Concerto Tchaikovsky,Primeiro movimento do famoso concerto,audio/violino/tchaikovsky_concerto.mp3,upload,,,,,avancado,,[],0,8,true,2026-02-13 18:01:39.533249
6215b310-fcf9-42cf-85bd-669f2bf4737b,57d10b2f-c49f-460d-8fab-3da3065c15c2,3d,Modelo 3D Violino,Modelo tridimensional interativo do violino,models/violino_3d.glb,upload,,,,,iniciante,,[],0,10,false,2026-02-13 18:01:39.533249
6232e155-d1d7-47d0-ac17-bdaa2e4e76e5,df42056c-8a3e-454c-aeca-73b4d608b85c,imagem,Violino Stradivarius,Violino clássico de luthier famoso mostrando detalhes da madeira,img/violino/stradivarius.jpg,upload,,,,,iniciante,,[],0,1,false,2026-02-13 18:01:39.533249
623573fd-46a4-40f8-87ca-1eb4f8ac6f88,bee0f63a-e248-4f2c-9325-0a23cb3c5a8e,3d,Modelo 3D Violino,Modelo tridimensional interativo do violino,models/violino_3d.glb,upload,,,,,iniciante,,[],0,10,true,2026-02-13 17:57:36.711969
625b5da9-bb5f-43e2-847f-00f85ca5dc5e,8fbba87d-39e1-4542-b8bb-7c815fdc2b9a,imagem,Anatomia do Violino,Diagrama educativo das partes do violino,img/violino/anatomia.jpg,upload,,,,,iniciante,,[],0,2,true,2026-02-13 18:01:39.533249
6267b4ab-70fc-4029-a5d2-b68084e91ca4,bee0f63a-e248-4f2c-9325-0a23cb3c5a8e,video,Primeiros Passos no Violino,Aula básica de como segurar o violino e o arco,https://youtube.com/watch?v=violin_basics,youtube,,,,tutorial,iniciante,,[],0,4,true,2026-02-13 18:01:39.533249
627291d0-1120-40f6-bb23-d078f5d35519,64b94e98-6ad2-4e7f-9aa0-b57f6bb58df1,3d,Modelo 3D Violino,Modelo tridimensional interativo do violino,models/violino_3d.glb,upload,,,,,iniciante,,[],0,10,true,2026-02-13 18:01:39.533249
62855c29-16b3-4dd4-8aa1-3897f03b51c7,35aff373-706c-47d8-8004-d8edcddb1e0c,video,Walking bass,Execução walking bass.,https://www.youtube.com/watch?v=baixo5,youtube,,,,tecnica,intermediario,180,"[""walking"",""baixo""]",0,0,true,2025-06-16 04:38:10.049188
6286340d-0e19-4246-9b27-649f80e75436,850c53c4-2ed6-4a12-a4ff-3fbaecd6bf73,video,Postura correta,Como segurar o trombone.,https://www.youtube.com/watch?v=trombone1,youtube,,,,tecnica,iniciante,300,"[""postura"",""trombone""]",0,0,true,2025-06-20 13:43:29.669569
62910359-3bae-46bb-9933-ba3a6c2cc960,453ca164-6f0e-4554-b008-dd68bf4586c2,video,Violino no Jazz (rep),Improvisação jazzística no violino,https://youtube.com/watch?v=jazz_violin,youtube,,,,performance,avancado,,[],0,7,true,2026-02-13 18:01:39.533249
62b29056-dde8-47a9-96ea-0bf8dfb3b408,d7c80fe1-ab43-4920-b2aa-d9b4f3ace166,audio,Solo jazz,Improviso ao vivo,/midias/clarinete/jazz_solo.mp3,upload,,,,performance,intermediario,180,"[""jazz"",""clarinete""]",0,0,false,2025-06-15 19:19:49.258132
6337f415-2b15-494f-a6ed-ec53c48e2c84,8fbba87d-39e1-4542-b8bb-7c815fdc2b9a,imagem,Anatomia do Violino,Diagrama educativo das partes do violino,img/violino/anatomia.jpg,upload,,,,,iniciante,,[],0,2,true,2026-02-13 17:57:36.711969
633f2a31-5191-4f9b-bc20-95e2889ca9cf,412c40b6-f4fc-4379-9d6f-5ce0ec2d669d,imagem,Estudo de posição,Foto demonstrando posição correta.,/midias/violoncelo/posicao.jpg,upload,,,,tecnica,iniciante,,"[""posicao"",""violoncelo""]",0,0,true,2025-06-15 19:35:06.847648
6352138e-342f-4634-930e-0cb84e5e3adc,174f6ed4-3c21-444a-acfa-5149f53f2ca0,imagem,Violino Stradivarius,Violino clássico de luthier famoso mostrando detalhes da madeira,img/violino/stradivarius.jpg,upload,,,,,iniciante,,[],0,1,false,2026-02-13 18:01:39.533249
63568886-0e30-4ed7-bd12-29c974fdc20d,87ee66bf-bb70-4e70-9aa3-4bff514ced4e,audio,Concerto Tchaikovsky,Primeiro movimento do famoso concerto,audio/violino/tchaikovsky_concerto.mp3,upload,,,,,avancado,,[],0,8,true,2026-02-13 18:01:39.533249
63794c24-a3e1-4ae5-adde-313a83494d8c,750450cf-e14e-4f02-944e-b3c1bb0f87a4,3d,Modelo 3D Interativo do Violão,Modelo tridimensional que permite explorar todas as partes,/models/violao_3d.obj,upload,,,,demonstracao,iniciante,,"[""3d"",""interativo"",""anatomia""]",0,0,true,2025-06-08 01:05:48.886576
6381e7a5-ae7b-464c-b241-35516b6ceb7c,bee0f63a-e248-4f2c-9325-0a23cb3c5a8e,audio,Capricho Paganini,Capricho nº 24 de Paganini,audio/violino/paganini_caprice.mp3,upload,,,,,avancado,,[],0,9,false,2026-02-13 18:01:39.533249
63840d8f-8f4d-4e5f-9ddc-b657d3c4cee6,13912e91-7b48-4a8d-82b7-b59515c2a0d3,imagem,Postura do Violinista (rep),Demonstração da postura correta para tocar violino,img/violino/postura.jpg,upload,,,,,iniciante,,[],0,3,true,2026-02-13 18:01:39.533249
63857abe-39a4-4e50-a594-a3c520456f06,36040329-1aa6-428a-ad39-cd85de03493e,video,Técnica de Vibrato,Demonstração da técnica de vibrato no violino,https://youtube.com/watch?v=violin_vibrato,youtube,,,,tutorial,avancado,,[],0,5,true,2026-02-13 17:57:36.711969
639385e2-b7ad-47b6-a2db-bb1851f7d8a4,82052c70-0a9d-4d94-873e-3b402e032f55,video,Ave Maria - Schubert (rep),Performance clássica da famosa peça,https://youtube.com/watch?v=ave_maria_violin,youtube,,,,performance,intermediario,,[],0,6,true,2026-02-13 18:01:39.533249
6397c9bb-28cd-47d4-9794-313e7cc8a8b0,6925f61b-ba48-473a-b69a-e3548036c1df,audio,Capricho Paganini,Capricho nº 24 de Paganini,audio/violino/paganini_caprice.mp3,upload,,,,,avancado,,[],0,9,true,2026-02-13 17:57:36.711969
63aec272-1532-4d16-b87a-8342529530bf,509d6a26-159a-4976-aa46-83f914f930aa,imagem,Postura do Violinista,Demonstração da postura correta para tocar violino,img/violino/postura.jpg,upload,,,,,iniciante,,[],0,3,true,2026-02-13 17:57:36.711969
63e852c2-f339-4f07-b21c-d9f1a9ebdba1,df42056c-8a3e-454c-aeca-73b4d608b85c,video,Violino no Jazz,Improvisação jazzística no violino,https://youtube.com/watch?v=jazz_violin,youtube,,,,performance,avancado,,[],0,7,false,2026-02-13 18:01:39.533249
641a5bf9-ce21-4908-b8eb-0c27a116bf92,6925f61b-ba48-473a-b69a-e3548036c1df,video,Primeiros Passos no Violino,Aula básica de como segurar o violino e o arco,https://youtube.com/watch?v=violin_basics,youtube,,,,tutorial,iniciante,,[],0,4,true,2026-02-13 18:01:39.533249
642b9d1f-1215-48c5-afdb-ab567c5ae361,3e02292d-bd2f-46ed-9b9e-a0c8b0acd996,audio,Concerto Tchaikovsky,Primeiro movimento do famoso concerto,audio/violino/tchaikovsky_concerto.mp3,upload,,,,,avancado,,[],0,8,false,2026-02-13 18:01:39.533249
6439c073-cd12-41fa-8757-8d35c693d062,57d10b2f-c49f-460d-8fab-3da3065c15c2,imagem,Anatomia do Violino (rep),Diagrama educativo das partes do violino,img/violino/anatomia.jpg,upload,,,,,iniciante,,[],0,2,true,2026-02-13 18:01:39.533249
6473496f-9998-498a-b472-6627a94dbcfa,3e02292d-bd2f-46ed-9b9e-a0c8b0acd996,audio,Concerto Tchaikovsky (rep),Primeiro movimento do famoso concerto,audio/violino/tchaikovsky_concerto.mp3,upload,,,,,avancado,,[],0,8,true,2026-02-13 18:01:39.533249
6479cfbf-a9ef-45ba-8cd3-0eb5121962e5,750450cf-e14e-4f02-944e-b3c1bb0f87a4,imagem,Postura do Violinista (rep),Demonstração da postura correta para tocar violino,img/violino/postura.jpg,upload,,,,,iniciante,,[],0,3,true,2026-02-13 18:01:39.533249
64920c7d-d7d4-4cc3-9298-36beb39c4eb0,11a7bc0c-232f-40dc-92ac-4d15aebd2d52,imagem,Violino Stradivarius,Violino clássico de luthier famoso mostrando detalhes da madeira,img/violino/stradivarius.jpg,upload,,,,,iniciante,,[],0,1,true,2026-02-13 18:01:39.533249
649ba98c-9c1f-4bf9-a272-786140dc830f,64b94e98-6ad2-4e7f-9aa0-b57f6bb58df1,imagem,Postura do Violinista (rep),Demonstração da postura correta para tocar violino,img/violino/postura.jpg,upload,,,,,iniciante,,[],0,3,true,2026-02-13 18:01:39.533249
64f0863d-c211-4449-8c73-64c1d159b69e,7b6ae164-dfdf-452d-a5c3-d01554861444,video,Primeiros Passos no Violino (rep),Aula básica de como segurar o violino e o arco,https://youtube.com/watch?v=violin_basics,youtube,,,,tutorial,iniciante,,[],0,4,false,2026-02-13 18:01:39.533249
65016f8f-3d91-4466-8fc5-c5618b372ca6,509d6a26-159a-4976-aa46-83f914f930aa,video,Ave Maria - Schubert,Performance clássica da famosa peça,https://youtube.com/watch?v=ave_maria_violin,youtube,,,,performance,intermediario,,[],0,6,false,2026-02-13 18:01:39.533249
65148faf-d63d-4776-bf4e-f232c4e401be,13912e91-7b48-4a8d-82b7-b59515c2a0d3,video,Técnica de Vibrato,Demonstração da técnica de vibrato no violino,https://youtube.com/watch?v=violin_vibrato,youtube,,,,tutorial,avancado,,[],0,5,false,2026-02-13 18:01:39.533249
651f766c-030f-4bd0-b93a-ec848ddcb7b0,82052c70-0a9d-4d94-873e-3b402e032f55,video,Primeiros Passos no Violino,Aula básica de como segurar o violino e o arco,https://youtube.com/watch?v=violin_basics,youtube,,,,tutorial,iniciante,,[],0,4,true,2026-02-13 18:01:39.533249
652db3cd-60a7-48dc-9f8b-3d5deaec6c81,ee709f67-e4e4-4f9c-9001-7574e4d8dfa0,video,Primeiros Passos no Violino,Aula básica de como segurar o violino e o arco,https://youtube.com/watch?v=violin_basics,youtube,,,,tutorial,iniciante,,[],0,4,true,2026-02-13 17:57:36.711969
65761cbb-a411-4516-8c5f-bd178ec83c57,80436b4f-15c1-452f-9442-34e42b5117e4,imagem,Postura do Violinista (rep),Demonstração da postura correta para tocar violino,img/violino/postura.jpg,upload,,,,,iniciante,,[],0,3,true,2026-02-13 18:01:31.997858
658b9020-5312-4f21-8966-c20b1f619723,492f792b-8d0c-46b7-a195-c8c32114696d,video,Técnica de Vibrato,Demonstração da técnica de vibrato no violino,https://youtube.com/watch?v=violin_vibrato,youtube,,,,tutorial,avancado,,[],0,5,true,2026-02-13 18:01:39.533249
65936939-5b1e-4c0c-a476-3833ad555bd9,35aff373-706c-47d8-8004-d8edcddb1e0c,video,Digitacão básica,Posição dos dedos.,https://www.youtube.com/watch?v=baixo2,youtube,,,,tecnica,iniciante,240,"[""digitacao"",""baixo""]",0,0,true,2025-06-16 04:38:10.049188
65a13465-a9e0-4e81-a57b-e56953c94078,a0f53672-7d87-4ab4-a64f-b551fc1a380d,audio,Capricho Paganini,Capricho nº 24 de Paganini,audio/violino/paganini_caprice.mp3,upload,,,,,avancado,,[],0,9,true,2026-02-13 17:57:36.711969
65c31ca4-1149-4d0f-a328-62e66899d0b8,4bc1c064-fa97-43f5-b6d7-d466ca66635d,audio,Concerto Tchaikovsky (rep),Primeiro movimento do famoso concerto,audio/violino/tchaikovsky_concerto.mp3,upload,,,,,avancado,,[],0,8,true,2026-02-13 18:01:39.533249
65c65de1-3133-4e7c-8011-7c49861f8ce5,ab9720a5-1973-484e-9a44-d4aa62594336,imagem,Anatomia Interna do Piano,"Corte transversal mostrando martelos, cordas e mecanismo",/images/piano/anatomia_piano.jpg,upload,,,,tecnica,intermediario,,"[""anatomia"",""mecanismo"",""educativo""]",0,0,true,2025-06-08 18:57:54.942465
65cc38d7-0535-4ac1-acd1-2df6e22c562d,26cadf44-6d7b-4f9b-85d6-6b2c40715f45,imagem,Saxofone frontal,Foto de saxofone alto moderno.,/midias/saxofone/frontal.jpg,upload,,,,tecnica,iniciante,,"[""saxofone"",""estrutura""]",0,0,true,2025-06-16 00:56:26.375072
65d83ef8-f876-49c8-8ec6-96e0d176decc,96b547b5-e685-40f8-952c-9dfce2ad4dc6,imagem,Anatomia do Violino (rep),Diagrama educativo das partes do violino,img/violino/anatomia.jpg,upload,,,,,iniciante,,[],0,2,true,2026-02-13 18:01:39.533249
66021813-06e6-43a3-8e29-fd94a3f210a7,492f792b-8d0c-46b7-a195-c8c32114696d,video,Técnica de Vibrato,Demonstração da técnica de vibrato no violino,https://youtube.com/watch?v=violin_vibrato,youtube,,,,tutorial,avancado,,[],0,5,true,2026-02-13 17:57:36.711969
660e8400-e29b-41d4-a716-446655550001,86f83611-c0db-470c-87e7-31ee81b1a009,imagem,Anatomia da Bateria,Diagrama completo das peças da bateria,img/bateria/anatomia.jpg,upload,,,image/jpeg,,iniciante,,[],0,1,true,2025-06-09 02:52:12.19334
660e8400-e29b-41d4-a716-446655550002,86f83611-c0db-470c-87e7-31ee81b1a009,imagem,História da Bateria,Evolução histórica do instrumento,img/bateria/historia.jpg,upload,,,image/jpeg,,iniciante,,[],0,2,true,2025-06-09 02:52:12.19334
660e8400-e29b-41d4-a716-446655550003,86f83611-c0db-470c-87e7-31ee81b1a009,imagem,Postura Correta,Como sentar e posicionar o corpo,img/bateria/postura.jpg,upload,,,image/jpeg,,iniciante,,[],0,3,true,2025-06-09 02:52:12.19334
660e8400-e29b-41d4-a716-446655550004,86f83611-c0db-470c-87e7-31ee81b1a009,video,Primeira Batida,Ritmo básico rock para iniciantes,https://youtube.com/watch?v=bateria_basic,youtube,,,video/mp4,,iniciante,,[],0,4,true,2025-06-09 02:52:20.890181
660e8400-e29b-41d4-a716-446655550005,86f83611-c0db-470c-87e7-31ee81b1a009,video,Coordenação de Membros,Exercícios de independência,https://youtube.com/watch?v=coordenacao,youtube,,,video/mp4,,iniciante,,[],0,5,true,2025-06-09 02:52:20.890181
660e8400-e29b-41d4-a716-446655550006,86f83611-c0db-470c-87e7-31ee81b1a009,video,Fills Essenciais,Top 10 fills para bateristas,https://youtube.com/watch?v=fills,youtube,,,video/mp4,,iniciante,,[],0,6,true,2025-06-09 02:52:20.890181
660e8400-e29b-41d4-a716-446655550007,86f83611-c0db-470c-87e7-31ee81b1a009,video,Solo Buddy Rich,Análise do famoso solo,https://youtube.com/watch?v=buddy_rich,youtube,,,video/mp4,,iniciante,,[],0,7,true,2025-06-09 02:52:20.890181
660e8400-e29b-41d4-a716-446655550008,86f83611-c0db-470c-87e7-31ee81b1a009,audio,Click Tracks,Metrônomos para prática,audio/bateria/clicks.mp3,upload,,,audio/mpeg,,iniciante,,[],0,8,true,2025-06-09 02:52:29.102819
660e8400-e29b-41d4-a716-446655550009,86f83611-c0db-470c-87e7-31ee81b1a009,audio,Playbacks,Bases para jam session,audio/bateria/playbacks.mp3,upload,,,audio/mpeg,,iniciante,,[],0,9,true,2025-06-09 02:52:29.102819
660e8400-e29b-41d4-a716-446655550010,86f83611-c0db-470c-87e7-31ee81b1a009,3d,Bateria 3D,Modelo interativo da bateria,model3d/bateria/kit.glb,upload,,,model/gltf-binary,,iniciante,,[],0,10,true,2025-06-09 02:52:35.092828
661a3921-e01e-4545-8300-04dfb26f63d8,1b699036-0f72-4c48-9801-e01f6f25e165,audio,Concerto Tchaikovsky,Primeiro movimento do famoso concerto,audio/violino/tchaikovsky_concerto.mp3,upload,,,,,avancado,,[],0,8,true,2026-02-13 18:01:39.533249
661f1d93-0599-44fa-96a3-fa781e1d0e50,492f792b-8d0c-46b7-a195-c8c32114696d,3d,Modelo 3D Violino,Modelo tridimensional interativo do violino,models/violino_3d.glb,upload,,,,,iniciante,,[],0,10,false,2026-02-13 18:01:39.533249
6639855c-ab93-417c-bc81-0bfaff427954,9a5e0eac-114e-4173-90af-32b55c870675,video,Violino no Jazz (rep),Improvisação jazzística no violino,https://youtube.com/watch?v=jazz_violin,youtube,,,,performance,avancado,,[],0,7,true,2026-02-13 18:01:39.533249
667f7125-0d07-4e6a-8bcf-ff6603890538,26cadf44-6d7b-4f9b-85d6-6b2c40715f45,imagem,Sax e partitura,Saxofone com partitura.,/midias/saxofone/partitura.jpg,upload,,,,tecnica,iniciante,,"[""partitura"",""saxofone""]",0,0,true,2025-06-16 00:56:26.375072
668e5786-0b73-4385-9e4f-268014380d96,fb125188-c48e-4d89-a46e-11c3b600dabd,audio,Capricho Paganini,Capricho nº 24 de Paganini,audio/violino/paganini_caprice.mp3,upload,,,,,avancado,,[],0,9,true,2026-02-13 18:01:39.533249
66956ec7-b7fc-462e-8257-cdb9e7a3df46,761a3318-9a5e-46f3-88f2-62159b96100c,video,Violino no Jazz (rep),Improvisação jazzística no violino,https://youtube.com/watch?v=jazz_violin,youtube,,,,performance,avancado,,[],0,7,true,2026-02-13 18:01:39.533249
669d43a4-901a-420a-b7bd-df699695fcf1,64b94e98-6ad2-4e7f-9aa0-b57f6bb58df1,video,Violino no Jazz (rep),Improvisação jazzística no violino,https://youtube.com/watch?v=jazz_violin,youtube,,,,performance,avancado,,[],0,7,true,2026-02-13 18:01:39.533249
67002297-46a3-4507-927d-283d1f44887f,3702e3f9-bc82-42b6-ae32-c770081b3ec2,video,Ave Maria - Schubert (rep),Performance clássica da famosa peça,https://youtube.com/watch?v=ave_maria_violin,youtube,,,,performance,intermediario,,[],0,6,true,2026-02-13 18:01:39.533249
67138426-5933-48e2-afee-9fdb68516904,509d6a26-159a-4976-aa46-83f914f930aa,video,Técnica de Vibrato (rep),Demonstração da técnica de vibrato no violino,https://youtube.com/watch?v=violin_vibrato,youtube,,,,tutorial,avancado,,[],0,5,true,2026-02-13 18:01:39.533249
671e9d66-a692-4703-a242-4c983f0722c7,750450cf-e14e-4f02-944e-b3c1bb0f87a4,imagem,Violão Popular Brasileiro,Violão típico da música popular brasileira com cordas de aço,/images/violao/violao_brasileiro.jpg,upload,,,,demonstracao,iniciante,,"[""brasil"",""popular"",""cordas_aco""]",0,0,true,2025-06-08 01:05:48.886576
67535e9c-63b7-40b2-bf8e-9bc31e68ecc7,34f9e29b-3d22-464a-b31c-c3f4fbb73328,audio,Capricho Paganini,Capricho nº 24 de Paganini,audio/violino/paganini_caprice.mp3,upload,,,,,avancado,,[],0,9,true,2026-02-13 17:57:36.711969
6775a58c-b1e5-4444-8344-784b3ca39979,b7425269-f2bb-454c-8c61-e3e9d028c9b4,video,Violino no Jazz,Improvisação jazzística no violino,https://youtube.com/watch?v=jazz_violin,youtube,,,,performance,avancado,,[],0,7,false,2026-02-13 18:01:39.533249
6778cac0-c732-4d99-841c-c5787822c680,ac116dcb-4fd4-4ef6-b6fb-f4ff1287bf68,video,Primeiros Passos no Violino,Aula básica de como segurar o violino e o arco,https://youtube.com/watch?v=violin_basics,youtube,,,,tutorial,iniciante,,[],0,4,true,2026-02-13 18:01:39.533249
6792e536-a201-46ab-bdde-e62bedb06937,9c3a903d-8750-4ded-9341-c876a6d6de93,audio,Capricho Paganini (rep),Capricho nº 24 de Paganini,audio/violino/paganini_caprice.mp3,upload,,,,,avancado,,[],0,9,false,2026-02-13 18:01:39.533249
67956ba3-82f5-48ce-9d3e-7f9a67fe4d90,4bc1c064-fa97-43f5-b6d7-d466ca66635d,video,Ave Maria - Schubert,Performance clássica da famosa peça,https://youtube.com/watch?v=ave_maria_violin,youtube,,,,performance,intermediario,,[],0,6,false,2026-02-13 18:01:39.533249
67a69d3c-379a-42ee-b279-82ee035fee2f,8bd473f1-7b35-4b9e-869a-17fb73c6e047,video,Digitacão básica,Como posicionar os dedos.,https://www.youtube.com/watch?v=teclado2,youtube,,,,tecnica,iniciante,240,"[""digitacao"",""teclado""]",0,0,true,2025-06-15 20:36:24.121938
67b959ab-392c-4bf1-91e7-79bea33e2dc8,1f8c0a22-f3fc-4f51-8938-6e1cc6e24f85,3d,Modelo 3D Violino,Modelo tridimensional interativo do violino,models/violino_3d.glb,upload,,,,,iniciante,,[],0,10,true,2026-02-13 17:57:36.711969
67c5dae8-e553-40d7-8d78-42e816ddf891,36040329-1aa6-428a-ad39-cd85de03493e,imagem,Postura do Violinista,Demonstração da postura correta para tocar violino,img/violino/postura.jpg,upload,,,,,iniciante,,[],0,3,true,2026-02-13 17:57:36.711969
67c6022d-5e95-4138-bf58-9c79f5c0c9f3,1b699036-0f72-4c48-9801-e01f6f25e165,video,Violino no Jazz,Improvisação jazzística no violino,https://youtube.com/watch?v=jazz_violin,youtube,,,,performance,avancado,,[],0,7,true,2026-02-13 18:01:39.533249
67d97f49-3e54-408a-a6b7-696d28843237,57d10b2f-c49f-460d-8fab-3da3065c15c2,video,Violino no Jazz (rep),Improvisação jazzística no violino,https://youtube.com/watch?v=jazz_violin,youtube,,,,performance,avancado,,[],0,7,true,2026-02-13 18:01:39.533249
67dfee3d-b93b-4ad8-8828-fe425e79d386,26cadf44-6d7b-4f9b-85d6-6b2c40715f45,audio,Escala Dó maior,Escala completa.,/midias/saxofone/escala_do.mp3,upload,,,,tecnica,iniciante,60,"[""escala"",""saxofone""]",0,0,false,2025-06-16 00:57:47.581967
67f9fcfd-3dbf-4406-a016-988b23989630,ac116dcb-4fd4-4ef6-b6fb-f4ff1287bf68,audio,Concerto Tchaikovsky,Primeiro movimento do famoso concerto,audio/violino/tchaikovsky_concerto.mp3,upload,,,,,avancado,,[],0,8,true,2026-02-13 18:01:39.533249
680ce3ef-d502-4b95-bb4e-f6cf3d30a009,56f643e0-a3e2-4067-84ac-334c454426f8,video,Técnica de Vibrato,Demonstração da técnica de vibrato no violino,https://youtube.com/watch?v=violin_vibrato,youtube,,,,tutorial,avancado,,[],0,5,false,2026-02-13 18:01:39.533249
6816932e-72f0-4ccf-95d3-1ff60cf4aa49,4c61dc18-2b1e-48c8-8a2e-2c730679d4a5,video,Primeiros Passos no Violino (rep),Aula básica de como segurar o violino e o arco,https://youtube.com/watch?v=violin_basics,youtube,,,,tutorial,iniciante,,[],0,4,false,2026-02-13 18:01:39.533249
681fbdce-c73c-4f58-9147-4ec6f08587af,0e52514e-58c3-463a-a6e4-f71a1439f9b7,video,Primeiros Passos no Violino,Aula básica de como segurar o violino e o arco,https://youtube.com/watch?v=violin_basics,youtube,,,,tutorial,iniciante,,[],0,4,true,2026-02-13 17:57:36.711969
6823817f-874b-4c12-b840-7153d1e22cb7,4445b5c9-dcdf-4dd3-8ce6-bb04a22127ce,video,Ave Maria - Schubert,Performance clássica da famosa peça,https://youtube.com/watch?v=ave_maria_violin,youtube,,,,performance,intermediario,,[],0,6,true,2026-02-13 18:01:39.533249
68362d91-8d5e-48b2-a7b0-aa0f081ea1bb,4d78c5a4-04bf-452d-b326-83e7c72c10ef,video,Violino no Jazz (rep),Improvisação jazzística no violino,https://youtube.com/watch?v=jazz_violin,youtube,,,,performance,avancado,,[],0,7,true,2026-02-13 18:01:39.533249
685c8182-9437-4a19-a9c3-ab412b895155,174f6ed4-3c21-444a-acfa-5149f53f2ca0,3d,Modelo 3D Violino,Modelo tridimensional interativo do violino,models/violino_3d.glb,upload,,,,,iniciante,,[],0,10,true,2026-02-13 18:01:39.533249
687ae59a-53ec-42c2-b29a-4e4b74ac3ccf,4d78c5a4-04bf-452d-b326-83e7c72c10ef,imagem,Violino Stradivarius,Violino clássico de luthier famoso mostrando detalhes da madeira,img/violino/stradivarius.jpg,upload,,,,,iniciante,,[],0,1,false,2026-02-13 18:01:39.533249
6897b74f-d0ff-4cab-839e-51bea49f320c,794f42a6-619a-4ca3-8f1b-c3ac7a9e7a08,imagem,Boquilha,Detalhe da embocadura.,/midias/flauta/boquilha.jpg,upload,,,,tecnica,iniciante,,"[""boquilha"",""flauta""]",0,0,true,2025-06-15 19:42:58.828009
68b383a0-0fa2-4ab1-84a6-06378a692cd6,82052c70-0a9d-4d94-873e-3b402e032f55,imagem,Violino Stradivarius,Violino clássico de luthier famoso mostrando detalhes da madeira,img/violino/stradivarius.jpg,upload,,,,,iniciante,,[],0,1,true,2026-02-13 18:01:39.533249
68b41f68-637a-4170-808c-0b46b922a047,82052c70-0a9d-4d94-873e-3b402e032f55,video,Violino no Jazz,Improvisação jazzística no violino,https://youtube.com/watch?v=jazz_violin,youtube,,,,performance,avancado,,[],0,7,true,2026-02-13 18:01:39.533249
68b7872a-c262-42ee-b52f-a650dc0ad610,63ebeaeb-be5d-4c26-a5cf-f59b71423401,audio,Capricho Paganini (rep),Capricho nº 24 de Paganini,audio/violino/paganini_caprice.mp3,upload,,,,,avancado,,[],0,9,false,2026-02-13 18:01:39.533249
68c78ecc-756c-4126-abf7-41e1eb87a000,f8653cdb-e2e7-479a-bfff-c8643859b866,video,Violino no Jazz (rep),Improvisação jazzística no violino,https://youtube.com/watch?v=jazz_violin,youtube,,,,performance,avancado,,[],0,7,true,2026-02-13 18:01:39.533249
68dfc990-2195-461e-af54-ca8c46cbcde2,8fbba87d-39e1-4542-b8bb-7c815fdc2b9a,imagem,Violino Stradivarius,Violino clássico de luthier famoso mostrando detalhes da madeira,img/violino/stradivarius.jpg,upload,,,,,iniciante,,[],0,1,false,2026-02-13 18:01:39.533249
68f6c0fb-a9dc-4044-9e3f-9a83af05aacc,36040329-1aa6-428a-ad39-cd85de03493e,video,Violino no Jazz (rep),Improvisação jazzística no violino,https://youtube.com/watch?v=jazz_violin,youtube,,,,performance,avancado,,[],0,7,true,2026-02-13 18:01:39.533249
694401f7-7058-4f1a-9956-f31308ec0dbb,850c53c4-2ed6-4a12-a4ff-3fbaecd6bf73,video,História do trombone,Documentário.,https://www.youtube.com/watch?v=trombone6,youtube,,,,historia,iniciante,420,"[""historia"",""trombone""]",0,0,true,2025-06-20 13:43:29.669569
69931267-ba74-4698-b407-af4ae4acd891,56f643e0-a3e2-4067-84ac-334c454426f8,audio,Capricho Paganini,Capricho nº 24 de Paganini,audio/violino/paganini_caprice.mp3,upload,,,,,avancado,,[],0,9,true,2026-02-13 17:57:36.711969
6a011180-3e21-4583-bc3e-e28b64450ee0,3e02292d-bd2f-46ed-9b9e-a0c8b0acd996,audio,Capricho Paganini,Capricho nº 24 de Paganini,audio/violino/paganini_caprice.mp3,upload,,,,,avancado,,[],0,9,true,2026-02-13 17:57:36.711969
6a25c402-109c-42d6-9294-16fadfcbe603,1f8c0a22-f3fc-4f51-8938-6e1cc6e24f85,video,Ave Maria - Schubert,Performance clássica da famosa peça,https://youtube.com/watch?v=ave_maria_violin,youtube,,,,performance,intermediario,,[],0,6,true,2026-02-13 18:01:39.533249
6a2708ca-ad44-48c0-a52a-504bb6ccf8bd,761a3318-9a5e-46f3-88f2-62159b96100c,video,Primeiros Passos no Violino (rep),Aula básica de como segurar o violino e o arco,https://youtube.com/watch?v=violin_basics,youtube,,,,tutorial,iniciante,,[],0,4,true,2026-02-13 18:01:39.533249
6a5de3f6-1476-4d36-aa2e-8f9511f3a121,8ddb4eea-18b9-4b8f-bb85-16a1f5474f87,3d,Modelo 3D Violino,Modelo tridimensional interativo do violino,models/violino_3d.glb,upload,,,,,iniciante,,[],0,10,true,2026-02-13 18:01:39.533249
6a69cee3-b89d-4bd8-9a9f-df3c93874eb8,a0f53672-7d87-4ab4-a64f-b551fc1a380d,video,Primeiros Passos no Violino (rep),Aula básica de como segurar o violino e o arco,https://youtube.com/watch?v=violin_basics,youtube,,,,tutorial,iniciante,,[],0,4,true,2026-02-13 18:01:39.533249
6a7425e7-4b8b-44d1-a857-c31280cf74c9,1b699036-0f72-4c48-9801-e01f6f25e165,imagem,Violino Stradivarius,Violino clássico de luthier famoso mostrando detalhes da madeira,img/violino/stradivarius.jpg,upload,,,,,iniciante,,[],0,1,true,2026-02-13 18:01:39.533249
6a956d49-2add-4f3e-a373-9ea14aafef73,6b11dc1a-295f-4458-9c08-2bcec09ff3ec,audio,Concerto Tchaikovsky,Primeiro movimento do famoso concerto,audio/violino/tchaikovsky_concerto.mp3,upload,,,,,avancado,,[],0,8,true,2026-02-13 18:01:39.533249
6aa417da-69d1-4681-8a05-5c44559238fe,34f9e29b-3d22-464a-b31c-c3f4fbb73328,imagem,Postura do Violinista,Demonstração da postura correta para tocar violino,img/violino/postura.jpg,upload,,,,,iniciante,,[],0,3,true,2026-02-13 18:01:39.533249
6aab9c5c-3811-41e9-8a02-5cc1bcba1ebe,35da6877-2528-4f37-9ab4-b44893ad1dbf,audio,Capricho Paganini,Capricho nº 24 de Paganini,audio/violino/paganini_caprice.mp3,upload,,,,,avancado,,[],0,9,false,2026-02-13 18:01:39.533249
6abddb43-5300-42ea-b7c7-316fcfed1f3a,174f6ed4-3c21-444a-acfa-5149f53f2ca0,video,Primeiros Passos no Violino,Aula básica de como segurar o violino e o arco,https://youtube.com/watch?v=violin_basics,youtube,,,,tutorial,iniciante,,[],0,4,true,2026-02-13 18:01:39.533249
6ac6ec08-9522-477e-97c9-4f7c7dee21ac,850c53c4-2ed6-4a12-a4ff-3fbaecd6bf73,audio,Solo jazz,Trecho solo jazz.,/midias/trombone/solo_jazz.mp3,upload,,,,performance,avancado,180,"[""solo"",""trombone""]",0,0,true,2025-06-20 13:43:29.669569
6ad7594d-db29-4ff6-84f0-4e5af67ed02e,4c61dc18-2b1e-48c8-8a2e-2c730679d4a5,audio,Capricho Paganini,Capricho nº 24 de Paganini,audio/violino/paganini_caprice.mp3,upload,,,,,avancado,,[],0,9,true,2026-02-13 18:01:39.533249
6af00907-fa26-48ed-993e-f469e01ab9b6,9c3a903d-8750-4ded-9341-c876a6d6de93,imagem,Violino Stradivarius,Violino clássico de luthier famoso mostrando detalhes da madeira,img/violino/stradivarius.jpg,upload,,,,,iniciante,,[],0,1,true,2026-02-13 18:01:39.533249
6b0c8df0-2615-4ddc-a213-6e7465762dea,56f643e0-a3e2-4067-84ac-334c454426f8,video,Primeiros Passos no Violino (rep),Aula básica de como segurar o violino e o arco,https://youtube.com/watch?v=violin_basics,youtube,,,,tutorial,iniciante,,[],0,4,false,2026-02-13 18:01:39.533249
6b94b9cc-34e1-48e8-bb14-541e09146d0a,56e32061-7ed6-495d-9bc1-00cdb345b02e,imagem,Violino Stradivarius,Violino clássico de luthier famoso mostrando detalhes da madeira,img/violino/stradivarius.jpg,upload,,,,,iniciante,,[],0,1,true,2026-02-13 17:57:36.711969
6bda8325-b389-4a2d-9fbf-d94e385ab2b2,a0f53672-7d87-4ab4-a64f-b551fc1a380d,video,Primeiros Passos no Violino,Aula básica de como segurar o violino e o arco,https://youtube.com/watch?v=violin_basics,youtube,,,,tutorial,iniciante,,[],0,4,true,2026-02-13 17:57:36.711969
6be1c643-6425-4345-b372-857b96a79698,3957c464-86dc-4aa2-9f09-57b5eb2a6c6a,video,Ave Maria - Schubert,Performance clássica da famosa peça,https://youtube.com/watch?v=ave_maria_violin,youtube,,,,performance,intermediario,,[],0,6,true,2026-02-13 17:57:36.711969
6c2be64b-773c-4d39-95b4-a99169bc4796,9c3a903d-8750-4ded-9341-c876a6d6de93,video,Técnica de Vibrato,Demonstração da técnica de vibrato no violino,https://youtube.com/watch?v=violin_vibrato,youtube,,,,tutorial,avancado,,[],0,5,true,2026-02-13 18:01:39.533249
6c3a3282-050c-43f0-bd12-fa821aeabbf4,56f643e0-a3e2-4067-84ac-334c454426f8,imagem,Anatomia do Violino (rep),Diagrama educativo das partes do violino,img/violino/anatomia.jpg,upload,,,,,iniciante,,[],0,2,false,2026-02-13 18:01:39.533249
6c46a566-2387-4281-b082-f903c67c549f,9edff4db-9ef5-43fc-970a-7d2086de223b,video,Técnica de Vibrato (rep),Demonstração da técnica de vibrato no violino,https://youtube.com/watch?v=violin_vibrato,youtube,,,,tutorial,avancado,,[],0,5,true,2026-02-13 18:01:39.533249
6c6f5df9-dc46-4902-82dc-e5bc0a0d1d84,4c61dc18-2b1e-48c8-8a2e-2c730679d4a5,audio,Concerto Tchaikovsky,Primeiro movimento do famoso concerto,audio/violino/tchaikovsky_concerto.mp3,upload,,,,,avancado,,[],0,8,true,2026-02-13 18:01:39.533249
6c978046-3ee2-4dc1-a7f8-50fd41c9eaf8,9a5e0eac-114e-4173-90af-32b55c870675,3d,Modelo 3D Violino (rep),Modelo tridimensional interativo do violino,models/violino_3d.glb,upload,,,,,iniciante,,[],0,10,true,2026-02-13 18:01:39.533249
6ca9b8de-8426-4f8e-9746-083b9f4f5853,f8653cdb-e2e7-479a-bfff-c8643859b866,3d,Modelo 3D Violino,Modelo tridimensional interativo do violino,models/violino_3d.glb,upload,,,,,iniciante,,[],0,10,false,2026-02-13 18:01:39.533249
6cd7dfe8-fa38-486c-bf67-3883dd268335,b73f1d80-3d73-487e-89b8-ab35274a8dd4,imagem,Vista lateral,Vista lateral do contrabaixo.,/midias/contrabaixo/lateral.jpg,upload,,,,tecnica,iniciante,,"[""estrutura"",""contrabaixo""]",0,0,true,2025-06-16 05:28:34.120792
6ce162b5-1f32-4612-9dd3-87e4b2a18247,7b6ae164-dfdf-452d-a5c3-d01554861444,video,Violino no Jazz (rep),Improvisação jazzística no violino,https://youtube.com/watch?v=jazz_violin,youtube,,,,performance,avancado,,[],0,7,false,2026-02-13 18:01:39.533249
6cf7b026-8fa7-4e65-a12e-8c2b77cbe81c,35da6877-2528-4f37-9ab4-b44893ad1dbf,video,Técnica de Vibrato,Demonstração da técnica de vibrato no violino,https://youtube.com/watch?v=violin_vibrato,youtube,,,,tutorial,avancado,,[],0,5,true,2026-02-13 18:01:39.533249
6d095c2e-f4c7-46d2-ab5a-06415a9b35e0,3957c464-86dc-4aa2-9f09-57b5eb2a6c6a,video,Primeiros Passos no Violino,Aula básica de como segurar o violino e o arco,https://youtube.com/watch?v=violin_basics,youtube,,,,tutorial,iniciante,,[],0,4,true,2026-02-13 18:01:39.533249
6d0c4ef8-a980-490e-9dfd-32072177870e,13912e91-7b48-4a8d-82b7-b59515c2a0d3,audio,Capricho Paganini,Capricho nº 24 de Paganini,audio/violino/paganini_caprice.mp3,upload,,,,,avancado,,[],0,9,true,2026-02-13 18:01:39.533249
6d61df49-d592-4c87-9e15-0c645f9f7082,11a7bc0c-232f-40dc-92ac-4d15aebd2d52,video,Primeiros Passos no Violino,Aula básica de como segurar o violino e o arco,https://youtube.com/watch?v=violin_basics,youtube,,,,tutorial,iniciante,,[],0,4,true,2026-02-13 17:57:36.711969
6d6d6df8-ec99-41fe-b1f2-2892d25606ea,57d10b2f-c49f-460d-8fab-3da3065c15c2,audio,Concerto Tchaikovsky (rep),Primeiro movimento do famoso concerto,audio/violino/tchaikovsky_concerto.mp3,upload,,,,,avancado,,[],0,8,true,2026-02-13 18:01:39.533249
6d715376-9e93-42a9-8655-7621d7d51b03,bee0f63a-e248-4f2c-9325-0a23cb3c5a8e,video,Ave Maria - Schubert,Performance clássica da famosa peça,https://youtube.com/watch?v=ave_maria_violin,youtube,,,,performance,intermediario,,[],0,6,true,2026-02-13 17:57:36.711969
6d7c122c-3f76-497b-be3d-73fb7d2bdfcb,7b6ae164-dfdf-452d-a5c3-d01554861444,imagem,Anatomia do Violino,Diagrama educativo das partes do violino,img/violino/anatomia.jpg,upload,,,,,iniciante,,[],0,2,true,2026-02-13 18:01:39.533249
6da12027-1f63-4ad8-b966-f8207efeebe3,35da6877-2528-4f37-9ab4-b44893ad1dbf,imagem,Postura do Violinista,Demonstração da postura correta para tocar violino,img/violino/postura.jpg,upload,,,,,iniciante,,[],0,3,true,2026-02-13 18:01:39.533249
6dc38da4-133f-478a-ba02-43ce83b75155,509d6a26-159a-4976-aa46-83f914f930aa,audio,Capricho Paganini (rep),Capricho nº 24 de Paganini,audio/violino/paganini_caprice.mp3,upload,,,,,avancado,,[],0,9,true,2026-02-13 18:01:39.533249
6ded9bb9-9ee6-4398-9458-1a42f6ac0cfd,4445b5c9-dcdf-4dd3-8ce6-bb04a22127ce,video,Primeiros Passos no Violino,Aula básica de como segurar o violino e o arco,https://youtube.com/watch?v=violin_basics,youtube,,,,tutorial,iniciante,,[],0,4,true,2026-02-13 17:57:36.711969
6e075690-94a1-453b-b046-72e34200e456,9edff4db-9ef5-43fc-970a-7d2086de223b,imagem,Interior — alma/barra,Esquema interno,media/viola/imagens/viola-interno-01.jpg,local,,,,educativo,intermediario,,,0,10,true,2025-09-22 11:48:23.651843
6e511d63-8eb1-47a8-b671-348395b7eb1d,b73f1d80-3d73-487e-89b8-ab35274a8dd4,video,Arco básico,Como usar o arco.,https://www.youtube.com/watch?v=contrabaixo3,youtube,,,,tecnica,iniciante,180,"[""arco"",""contrabaixo""]",0,0,true,2025-06-16 05:28:34.120792
6e585ed9-77e8-4fd5-a935-ff573f3fc230,3702e3f9-bc82-42b6-ae32-c770081b3ec2,video,Ave Maria - Schubert,Performance clássica da famosa peça,https://youtube.com/watch?v=ave_maria_violin,youtube,,,,performance,intermediario,,[],0,6,false,2026-02-13 18:01:39.533249
6e62ecee-32b8-46b3-9c57-1e42ad3ecc46,9a5e0eac-114e-4173-90af-32b55c870675,imagem,Postura do Violinista,Demonstração da postura correta para tocar violino,img/violino/postura.jpg,upload,,,,,iniciante,,[],0,3,true,2026-02-13 17:57:36.711969
6e7721f9-fb81-49a3-8ec8-dd8629822426,63ebeaeb-be5d-4c26-a5cf-f59b71423401,imagem,Violino Stradivarius,Violino clássico de luthier famoso mostrando detalhes da madeira,img/violino/stradivarius.jpg,upload,,,,,iniciante,,[],0,1,true,2026-02-13 17:57:36.711969
6e7e2566-4259-4e87-ab6c-54449c40ca6b,2abbd218-b737-410e-934b-f9c8f3d2b806,video,Violino no Jazz,Improvisação jazzística no violino,https://youtube.com/watch?v=jazz_violin,youtube,,,,performance,avancado,,[],0,7,true,2026-02-13 17:57:36.711969
6ecde36b-d07d-4101-a9eb-c432c0d6ea53,80436b4f-15c1-452f-9442-34e42b5117e4,video,Primeiros Passos no Violino,Aula básica de como segurar o violino e o arco,https://youtube.com/watch?v=violin_basics,youtube,,,,tutorial,iniciante,,[],0,4,true,2026-02-13 17:57:36.711969
6ece4b75-3051-4433-aae6-dcfd6f07a4e8,35da6877-2528-4f37-9ab4-b44893ad1dbf,video,Violino no Jazz,Improvisação jazzística no violino,https://youtube.com/watch?v=jazz_violin,youtube,,,,performance,avancado,,[],0,7,true,2026-02-13 17:57:36.711969
6ecf1cd1-9b70-4c10-990e-ee8e263c2fae,750450cf-e14e-4f02-944e-b3c1bb0f87a4,video,Primeiros Acordes no Violão,"Aprenda os acordes básicos: Am, C, Dm, E, F, G",https://youtube.com/watch?v=acordes_basicos,youtube,,,,demonstracao,iniciante,600,"[""acordes"",""basico"",""iniciante""]",0,0,true,2025-06-08 01:05:48.886576
6ed58543-5987-48b1-a5f1-8c8dc15c8f0d,ab9720a5-1973-484e-9a44-d4aa62594336,video,Chopin - Noturno Op. 9 No. 2,Performance da famosa peça de Chopin,https://youtube.com/watch?v=chopin_noturno,youtube,,,,performance,avancado,300,"[""chopin"",""noturno"",""romantico""]",0,0,true,2025-06-08 15:18:29.330868
6ef76670-b313-48c3-a58b-e03f416a1fb9,9b42a23b-ac7f-42e1-8a04-bde4c525fbde,audio,Respiração,Respiração controlada.,/midias/oboe/respiracao.mp3,upload,,,,tecnica,iniciante,60,"[""respiracao"",""oboe""]",0,0,true,2025-06-20 05:15:55.927047
6f0ba54a-92d2-419d-a29a-1435f23d33a1,ee709f67-e4e4-4f9c-9001-7574e4d8dfa0,audio,Capricho Paganini,Capricho nº 24 de Paganini,audio/violino/paganini_caprice.mp3,upload,,,,,avancado,,[],0,9,true,2026-02-13 18:01:39.533249
6f1edfd0-7074-4ccf-bbc3-e3ba69d564c8,82052c70-0a9d-4d94-873e-3b402e032f55,imagem,Anatomia do Violino (rep),Diagrama educativo das partes do violino,img/violino/anatomia.jpg,upload,,,,,iniciante,,[],0,2,false,2026-02-13 18:01:39.533249
6f27a68c-3962-4ec0-b4c2-eb15b18721c8,35da6877-2528-4f37-9ab4-b44893ad1dbf,3d,Modelo 3D Violino,Modelo tridimensional interativo do violino,models/violino_3d.glb,upload,,,,,iniciante,,[],0,10,true,2026-02-13 18:01:39.533249
6f326a73-1a4f-415b-8b72-2ce30ab709bf,509d6a26-159a-4976-aa46-83f914f930aa,imagem,Anatomia do Violino,Diagrama educativo das partes do violino,img/violino/anatomia.jpg,upload,,,,,iniciante,,[],0,2,true,2026-02-13 17:57:36.711969
6f3f9ea7-77cb-4bd9-9283-699159821db2,4d78c5a4-04bf-452d-b326-83e7c72c10ef,3d,Modelo 3D Violino,Modelo tridimensional interativo do violino,models/violino_3d.glb,upload,,,,,iniciante,,[],0,10,true,2026-02-13 18:01:39.533249
6f51d428-b07a-4a6b-9b9f-b0ca775cc3dc,c75fe646-ff86-4420-98f0-a0f25d39de45,video,Primeiros Passos no Violino,Aula básica de como segurar o violino e o arco,https://youtube.com/watch?v=violin_basics,youtube,,,,tutorial,iniciante,,[],0,4,true,2026-02-13 17:57:36.711969
6f6e50fd-c1f5-4f92-9723-00308d079bde,3e02292d-bd2f-46ed-9b9e-a0c8b0acd996,3d,Modelo 3D Violino,Modelo tridimensional interativo do violino,models/violino_3d.glb,upload,,,,,iniciante,,[],0,10,true,2026-02-13 17:57:36.711969
6f80fe40-19ce-44c6-98b9-95a6de9e5115,750450cf-e14e-4f02-944e-b3c1bb0f87a4,imagem,Violino Stradivarius,Violino clássico de luthier famoso mostrando detalhes da madeira,img/violino/stradivarius.jpg,upload,,,,,iniciante,,[],0,1,true,2026-02-13 18:01:39.533249
6f988f54-2268-401d-8295-e22f04674f5c,57d10b2f-c49f-460d-8fab-3da3065c15c2,video,Ave Maria - Schubert,Performance clássica da famosa peça,https://youtube.com/watch?v=ave_maria_violin,youtube,,,,performance,intermediario,,[],0,6,true,2026-02-13 17:57:36.711969
6fc6a481-c61a-4ad6-8cd1-7aa0cf05a32c,174f6ed4-3c21-444a-acfa-5149f53f2ca0,imagem,Violino Stradivarius,Violino clássico de luthier famoso mostrando detalhes da madeira,img/violino/stradivarius.jpg,upload,,,,,iniciante,,[],0,1,true,2026-02-13 18:01:39.533249
6fdb6adb-34a9-48c4-8d97-896a47a02cec,36040329-1aa6-428a-ad39-cd85de03493e,3d,Modelo 3D Violino,Modelo tridimensional interativo do violino,models/violino_3d.glb,upload,,,,,iniciante,,[],0,10,true,2026-02-13 17:57:36.711969
6feac9cf-1446-4ff3-bde2-30f049c1655c,96b547b5-e685-40f8-952c-9dfce2ad4dc6,audio,Concerto Tchaikovsky,Primeiro movimento do famoso concerto,audio/violino/tchaikovsky_concerto.mp3,upload,,,,,avancado,,[],0,8,true,2026-02-13 17:57:36.711969
6fecf050-24da-4b92-9f53-52a5e859a2bd,96b547b5-e685-40f8-952c-9dfce2ad4dc6,audio,Capricho Paganini,Capricho nº 24 de Paganini,audio/violino/paganini_caprice.mp3,upload,,,,,avancado,,[],0,9,true,2026-02-13 17:57:36.711969
6ffa51e6-94e9-49c4-bd61-c2cadae47ce2,34f9e29b-3d22-464a-b31c-c3f4fbb73328,video,Técnica de Vibrato,Demonstração da técnica de vibrato no violino,https://youtube.com/watch?v=violin_vibrato,youtube,,,,tutorial,avancado,,[],0,5,true,2026-02-13 18:01:39.533249
7012c687-d13c-4fe6-9a62-27ee2547b2ce,0b9c8c6b-0e47-471c-b83b-01c931410692,imagem,Anatomia do Violino (rep),Diagrama educativo das partes do violino,img/violino/anatomia.jpg,upload,,,,,iniciante,,[],0,2,true,2026-02-13 18:01:39.533249
7065e4cb-0a14-41cd-905b-46bfa7e1dc4a,8ddb4eea-18b9-4b8f-bb85-16a1f5474f87,audio,Concerto Tchaikovsky,Primeiro movimento do famoso concerto,audio/violino/tchaikovsky_concerto.mp3,upload,,,,,avancado,,[],0,8,false,2026-02-13 18:01:39.533249
7074ed60-a1a8-4ef0-a752-b879be9a3e87,63ebeaeb-be5d-4c26-a5cf-f59b71423401,audio,Concerto Tchaikovsky,Primeiro movimento do famoso concerto,audio/violino/tchaikovsky_concerto.mp3,upload,,,,,avancado,,[],0,8,true,2026-02-13 18:01:39.533249
709ed2e9-5291-4aa5-8f42-c16fa6966b40,b7425269-f2bb-454c-8c61-e3e9d028c9b4,video,Primeiros Passos no Violino,Aula básica de como segurar o violino e o arco,https://youtube.com/watch?v=violin_basics,youtube,,,,tutorial,iniciante,,[],0,4,true,2026-02-13 18:01:39.533249
70f7a175-5fa5-49f8-9415-51039f18e1cb,0e52514e-58c3-463a-a6e4-f71a1439f9b7,3d,Modelo 3D Violino (rep),Modelo tridimensional interativo do violino,models/violino_3d.glb,upload,,,,,iniciante,,[],0,10,true,2026-02-13 18:01:39.533249
710f00ff-0a5f-470e-acdf-7fc7fff0e977,8ddb4eea-18b9-4b8f-bb85-16a1f5474f87,video,Primeiros Passos no Violino,Aula básica de como segurar o violino e o arco,https://youtube.com/watch?v=violin_basics,youtube,,,,tutorial,iniciante,,[],0,4,true,2026-02-13 18:01:39.533249
713a30b4-67f7-4b31-bd63-c89d5d48ba26,6b11dc1a-295f-4458-9c08-2bcec09ff3ec,audio,Concerto Tchaikovsky,Primeiro movimento do famoso concerto,audio/violino/tchaikovsky_concerto.mp3,upload,,,,,avancado,,[],0,8,true,2026-02-13 17:57:36.711969
713d1ac4-dc73-417e-9c5c-1e17ff5418db,412c40b6-f4fc-4379-9d6f-5ce0ec2d669d,imagem,Violoncelo antigo,Foto de instrumento histórico.,/midias/violoncelo/antigo.jpg,upload,,,,historia,avancado,,"[""historia"",""violoncelo""]",0,0,true,2025-06-15 19:35:06.847648
7142460b-ef64-4359-bd17-eb017e57907b,df42056c-8a3e-454c-aeca-73b4d608b85c,video,Ave Maria - Schubert,Performance clássica da famosa peça,https://youtube.com/watch?v=ave_maria_violin,youtube,,,,performance,intermediario,,[],0,6,true,2026-02-13 17:57:36.711969
714527f5-d5fa-4bfb-b2c9-ab955f822ec6,11a7bc0c-232f-40dc-92ac-4d15aebd2d52,imagem,Anatomia do Violino (rep),Diagrama educativo das partes do violino,img/violino/anatomia.jpg,upload,,,,,iniciante,,[],0,2,false,2026-02-13 18:01:39.533249
714f0e8f-c7b8-4c05-aac9-1786e94e9387,86f83611-c0db-470c-87e7-31ee81b1a009,imagem,Anatomia do Violino,Diagrama educativo das partes do violino,img/violino/anatomia.jpg,upload,,,,,iniciante,,[],0,2,false,2026-02-13 18:01:39.533249
71669c54-6f5d-431d-8637-795c6d8d53a8,b7425269-f2bb-454c-8c61-e3e9d028c9b4,3d,Modelo 3D Violino,Modelo tridimensional interativo do violino,models/violino_3d.glb,upload,,,,,iniciante,,[],0,10,true,2026-02-13 17:57:36.711969
716d2716-a930-4b31-ad76-7941c1428055,34f9e29b-3d22-464a-b31c-c3f4fbb73328,video,Técnica de Vibrato (rep),Demonstração da técnica de vibrato no violino,https://youtube.com/watch?v=violin_vibrato,youtube,,,,tutorial,avancado,,[],0,5,false,2026-02-13 18:01:39.533249
7185cf71-8037-4509-b9fc-18a5b6e0668b,850c53c4-2ed6-4a12-a4ff-3fbaecd6bf73,imagem,Trombone histórico,Trombone antigo.,/midias/trombone/historico.jpg,upload,,,,historia,avancado,,"[""historia"",""trombone""]",0,0,true,2025-06-20 13:43:29.669569
719dd44c-5257-4d2b-aba2-1670b8ef3b79,750450cf-e14e-4f02-944e-b3c1bb0f87a4,imagem,Anatomia do Violino,Diagrama educativo das partes do violino,img/violino/anatomia.jpg,upload,,,,,iniciante,,[],0,2,false,2026-02-13 18:01:39.533249
71c6024a-ca64-453d-893d-f156b7bb4ff0,df42056c-8a3e-454c-aeca-73b4d608b85c,imagem,Postura do Violinista,Demonstração da postura correta para tocar violino,img/violino/postura.jpg,upload,,,,,iniciante,,[],0,3,true,2026-02-13 17:57:36.711969
71d5397d-6170-45d5-9f95-393b621d23b5,3957c464-86dc-4aa2-9f09-57b5eb2a6c6a,imagem,Violino Stradivarius,Violino clássico de luthier famoso mostrando detalhes da madeira,img/violino/stradivarius.jpg,upload,,,,,iniciante,,[],0,1,true,2026-02-13 18:01:39.533249
722d7748-a6b0-4a08-b598-9f100f8932ad,0e52514e-58c3-463a-a6e4-f71a1439f9b7,audio,Concerto Tchaikovsky,Primeiro movimento do famoso concerto,audio/violino/tchaikovsky_concerto.mp3,upload,,,,,avancado,,[],0,8,true,2026-02-13 18:01:39.533249
723f8c6b-1c7f-44e2-b779-9df982dde6d9,453ca164-6f0e-4554-b008-dd68bf4586c2,audio,Capricho Paganini,Capricho nº 24 de Paganini,audio/violino/paganini_caprice.mp3,upload,,,,,avancado,,[],0,9,false,2026-02-13 18:01:39.533249
72412575-a226-44cb-b272-2f403ae50eea,11a7bc0c-232f-40dc-92ac-4d15aebd2d52,video,Violino no Jazz (rep),Improvisação jazzística no violino,https://youtube.com/watch?v=jazz_violin,youtube,,,,performance,avancado,,[],0,7,false,2026-02-13 18:01:39.533249
7253ad46-1ce8-4e97-9f21-b7fdf702d48c,9a5e0eac-114e-4173-90af-32b55c870675,audio,Capricho Paganini,Capricho nº 24 de Paganini,audio/violino/paganini_caprice.mp3,upload,,,,,avancado,,[],0,9,true,2026-02-13 17:57:36.711969
7257b042-8210-4013-a4f2-d308951220f1,a0f53672-7d87-4ab4-a64f-b551fc1a380d,imagem,Violino Stradivarius,Violino clássico de luthier famoso mostrando detalhes da madeira,img/violino/stradivarius.jpg,upload,,,,,iniciante,,[],0,1,false,2026-02-13 18:01:39.533249
729d2d9e-51a1-4db6-b13c-0af040df66dd,761a3318-9a5e-46f3-88f2-62159b96100c,imagem,Violino Stradivarius,Violino clássico de luthier famoso mostrando detalhes da madeira,img/violino/stradivarius.jpg,upload,,,,,iniciante,,[],0,1,false,2026-02-13 18:01:39.533249
72a03da2-e1ca-4551-8357-a4430b7019be,36b9d36d-f65b-4ba1-89be-4ab3707e874c,video,Respiração básica,Respiração e embocadura.,https://www.youtube.com/watch?v=fagote2,youtube,,,,tecnica,iniciante,240,"[""respiracao"",""fagote""]",0,0,true,2025-06-20 02:48:24.932103
72a96c2d-3f99-4f1a-8627-ee56155ae7b9,57d10b2f-c49f-460d-8fab-3da3065c15c2,imagem,Postura do Violinista,Demonstração da postura correta para tocar violino,img/violino/postura.jpg,upload,,,,,iniciante,,[],0,3,true,2026-02-13 18:01:39.533249
72ba8c75-fc44-4787-ba73-d99b4ada74b3,e48ad87b-d237-45e4-a707-05374c4240fa,imagem,Anatomia do Violino,Diagrama educativo das partes do violino,img/violino/anatomia.jpg,upload,,,,,iniciante,,[],0,2,false,2026-02-13 18:01:39.533249
72e593b6-7e77-4c34-bc88-88fbc12e4a8f,ab9720a5-1973-484e-9a44-d4aa62594336,video,Primeiras Escalas no Piano,Escalas de Dó Maior com dedilhado correto,https://youtube.com/watch?v=escalas_piano,youtube,,,,demonstracao,iniciante,600,"[""escalas"",""dedilhado"",""iniciante""]",0,0,true,2025-06-08 15:18:29.330868
72f4eae4-9357-4996-9e8c-90f964aac4b5,9c3a903d-8750-4ded-9341-c876a6d6de93,video,Primeiros Passos no Violino,Aula básica de como segurar o violino e o arco,https://youtube.com/watch?v=violin_basics,youtube,,,,tutorial,iniciante,,[],0,4,true,2026-02-13 18:01:39.533249
731b62e3-cfc0-4f74-a118-1c73904fbf56,6925f61b-ba48-473a-b69a-e3548036c1df,audio,Capricho Paganini,Capricho nº 24 de Paganini,audio/violino/paganini_caprice.mp3,upload,,,,,avancado,,[],0,9,false,2026-02-13 18:01:39.533249
73368db9-e92a-44f0-b9ec-017acbcbc4de,9b42a23b-ac7f-42e1-8a04-bde4c525fbde,audio,Legato,Execução legato.,/midias/oboe/legato.mp3,upload,,,,tecnica,iniciante,60,"[""legato"",""oboe""]",0,0,true,2025-06-20 05:15:55.927047
733d7812-3b36-4af6-bf01-88c70b992376,4bc1c064-fa97-43f5-b6d7-d466ca66635d,imagem,Violino Stradivarius (rep),Violino clássico de luthier famoso mostrando detalhes da madeira,img/violino/stradivarius.jpg,upload,,,,,iniciante,,[],0,1,true,2026-02-13 18:01:39.533249
73415968-42e8-4ccc-8f85-8570b09414e6,9c3a903d-8750-4ded-9341-c876a6d6de93,imagem,Postura do Violinista,Demonstração da postura correta para tocar violino,img/violino/postura.jpg,upload,,,,,iniciante,,[],0,3,true,2026-02-13 18:01:39.533249
73486e7b-8bf2-4d09-a3d2-2598903ec6d3,750450cf-e14e-4f02-944e-b3c1bb0f87a4,audio,Concerto Tchaikovsky,Primeiro movimento do famoso concerto,audio/violino/tchaikovsky_concerto.mp3,upload,,,,,avancado,,[],0,8,false,2026-02-13 18:01:39.533249
734eb802-a43b-40b5-9b67-f0abc0f5622e,64b94e98-6ad2-4e7f-9aa0-b57f6bb58df1,imagem,Postura do Violinista,Demonstração da postura correta para tocar violino,img/violino/postura.jpg,upload,,,,,iniciante,,[],0,3,true,2026-02-13 17:57:36.711969
73571280-d7c9-4935-98dc-5d39c8cb8dde,9a5e0eac-114e-4173-90af-32b55c870675,video,Primeiros Passos no Violino,Aula básica de como segurar o violino e o arco,https://youtube.com/watch?v=violin_basics,youtube,,,,tutorial,iniciante,,[],0,4,false,2026-02-13 18:01:39.533249
737f7143-1c73-41ec-a004-a75830b28014,bee0f63a-e248-4f2c-9325-0a23cb3c5a8e,imagem,Postura do Violinista,Demonstração da postura correta para tocar violino,img/violino/postura.jpg,upload,,,,,iniciante,,[],0,3,true,2026-02-13 18:01:39.533249
739169bd-7a27-4a34-ba76-27d019047d87,0b9c8c6b-0e47-471c-b83b-01c931410692,3d,Modelo 3D Violino,Modelo tridimensional interativo do violino,models/violino_3d.glb,upload,,,,,iniciante,,[],0,10,false,2026-02-13 18:01:39.533249
73b62200-3bab-4e0c-bc0c-b4797accb62a,26cadf44-6d7b-4f9b-85d6-6b2c40715f45,video,Improviso,Improvisação ao sax.,https://www.youtube.com/watch?v=saxofone10,youtube,,,,performance,avancado,300,"[""improviso"",""saxofone""]",0,0,false,2025-06-16 00:57:47.581967
73ba697f-ac7c-449e-9d18-cb58a112a046,4445b5c9-dcdf-4dd3-8ce6-bb04a22127ce,audio,Concerto Tchaikovsky,Primeiro movimento do famoso concerto,audio/violino/tchaikovsky_concerto.mp3,upload,,,,,avancado,,[],0,8,true,2026-02-13 17:57:36.711969
73d28f8c-067a-4b86-b948-725e1d421ca2,3702e3f9-bc82-42b6-ae32-c770081b3ec2,imagem,Postura do Violinista (rep),Demonstração da postura correta para tocar violino,img/violino/postura.jpg,upload,,,,,iniciante,,[],0,3,true,2026-02-13 18:01:39.533249
73d7686d-8578-464a-8588-304557975f36,6b11dc1a-295f-4458-9c08-2bcec09ff3ec,audio,Concerto Tchaikovsky (rep),Primeiro movimento do famoso concerto,audio/violino/tchaikovsky_concerto.mp3,upload,,,,,avancado,,[],0,8,false,2026-02-13 18:01:39.533249
73dbc18c-5faa-4a25-ba36-90359b1c2b81,13912e91-7b48-4a8d-82b7-b59515c2a0d3,video,Ave Maria - Schubert (rep),Performance clássica da famosa peça,https://youtube.com/watch?v=ave_maria_violin,youtube,,,,performance,intermediario,,[],0,6,false,2026-02-13 18:01:39.533249
73dcda1e-91a2-4682-bb16-827b01123070,9edff4db-9ef5-43fc-970a-7d2086de223b,audio,Capricho Paganini,Capricho nº 24 de Paganini,audio/violino/paganini_caprice.mp3,upload,,,,,avancado,,[],0,9,true,2026-02-13 17:57:36.711969
73faff04-661a-4492-bb2b-1838f74da774,ab9720a5-1973-484e-9a44-d4aa62594336,video,Postura Correta no Piano,Como sentar e posicionar mãos e braços,https://youtube.com/watch?v=postura_piano,youtube,,,,tecnica,iniciante,420,"[""postura"",""tecnica"",""basico""]",0,0,true,2025-06-08 15:18:29.330868
74262162-2ed6-4ee4-80fb-0dbad38c88f6,ac116dcb-4fd4-4ef6-b6fb-f4ff1287bf68,video,Ave Maria - Schubert,Performance clássica da famosa peça,https://youtube.com/watch?v=ave_maria_violin,youtube,,,,performance,intermediario,,[],0,6,true,2026-02-13 18:01:39.533249
7473be46-9a95-4c61-9053-22ffc9b02194,26cadf44-6d7b-4f9b-85d6-6b2c40715f45,video,Postura correta,Como segurar o saxofone.,https://www.youtube.com/watch?v=saxofone1,youtube,,,,tecnica,iniciante,300,"[""postura"",""saxofone""]",0,0,false,2025-06-16 00:57:47.581967
747ed5d6-4a97-4f5b-92ce-89aec512477c,2abbd218-b737-410e-934b-f9c8f3d2b806,imagem,Anatomia do Violino (rep),Diagrama educativo das partes do violino,img/violino/anatomia.jpg,upload,,,,,iniciante,,[],0,2,true,2026-02-13 18:01:39.533249
74815906-f851-4705-8504-dc5c731d6643,df168c2e-275a-44ed-9ee7-af356bf724e5,video,Ave Maria - Schubert,Performance clássica da famosa peça,https://youtube.com/watch?v=ave_maria_violin,youtube,,,,performance,intermediario,,[],0,6,true,2026-02-13 17:57:36.711969
7486ac71-cd1d-4b05-a0f9-aac8c8925ed4,174f6ed4-3c21-444a-acfa-5149f53f2ca0,video,Violino no Jazz,Improvisação jazzística no violino,https://youtube.com/watch?v=jazz_violin,youtube,,,,performance,avancado,,[],0,7,true,2026-02-13 18:01:39.533249
748c5fd8-dacf-4d6e-9783-5b83cea50469,9edff4db-9ef5-43fc-970a-7d2086de223b,audio,Capricho Paganini,Capricho nº 24 de Paganini,audio/violino/paganini_caprice.mp3,upload,,,,,avancado,,[],0,9,false,2026-02-13 18:01:39.533249
74baced7-d04b-456a-ab21-fb5f77fec25c,96b547b5-e685-40f8-952c-9dfce2ad4dc6,video,Primeiros Passos no Violino (rep),Aula básica de como segurar o violino e o arco,https://youtube.com/watch?v=violin_basics,youtube,,,,tutorial,iniciante,,[],0,4,true,2026-02-13 18:01:39.533249
74bae973-4f18-40b7-9e94-74d15a5fc35b,80436b4f-15c1-452f-9442-34e42b5117e4,audio,Concerto Tchaikovsky,Primeiro movimento do famoso concerto,audio/violino/tchaikovsky_concerto.mp3,upload,,,,,avancado,,[],0,8,true,2025-06-09 03:41:34.794455
74d00847-9b9c-48df-9e9d-12dc8a26a97b,8fbba87d-39e1-4542-b8bb-7c815fdc2b9a,audio,Concerto Tchaikovsky (rep),Primeiro movimento do famoso concerto,audio/violino/tchaikovsky_concerto.mp3,upload,,,,,avancado,,[],0,8,true,2026-02-13 18:01:39.533249
74dd4826-cd1e-4bf3-a778-36bbb7e7c176,f8653cdb-e2e7-479a-bfff-c8643859b866,video,Violino no Jazz,Improvisação jazzística no violino,https://youtube.com/watch?v=jazz_violin,youtube,,,,performance,avancado,,[],0,7,false,2026-02-13 18:01:39.533249
74ea4aa2-6051-42cb-b35c-9f20975d7463,92ecdeff-3480-4f27-85cd-86f12622cf9f,imagem,Violino Stradivarius,Violino clássico de luthier famoso mostrando detalhes da madeira,img/violino/stradivarius.jpg,upload,,,,,iniciante,,[],0,1,true,2026-02-13 17:57:36.711969
74f79103-b91e-4e9a-9f9a-25b0144de172,ee709f67-e4e4-4f9c-9001-7574e4d8dfa0,audio,Concerto Tchaikovsky,Primeiro movimento do famoso concerto,audio/violino/tchaikovsky_concerto.mp3,upload,,,,,avancado,,[],0,8,true,2026-02-13 17:57:36.711969
75108fcd-ed8e-4fe1-ad54-b62faaf336a8,794f42a6-619a-4ca3-8f1b-c3ac7a9e7a08,audio,Staccato,Execução staccato.,/midias/flauta/staccato.mp3,upload,,,,tecnica,iniciante,60,"[""staccato"",""flauta""]",0,0,true,2025-06-15 19:42:58.828009
75130fec-a95d-490d-8f3d-667577b7edd2,df49fd27-9bcd-4462-a0f8-b36f0ff9f97f,imagem,Anatomia do Violino,Diagrama educativo das partes do violino,img/violino/anatomia.jpg,upload,,,,,iniciante,,[],0,2,true,2026-02-13 17:57:36.711969
7524e021-2105-46a8-b78a-1f4d791bf1cc,1f8c0a22-f3fc-4f51-8938-6e1cc6e24f85,video,Ave Maria - Schubert,Performance clássica da famosa peça,https://youtube.com/watch?v=ave_maria_violin,youtube,,,,performance,intermediario,,[],0,6,true,2026-02-13 17:57:36.711969
752ae521-04c3-4d66-90e9-6e683054b624,bc665a4e-e301-44d3-b8bf-decb09422d71,audio,Capricho Paganini,Capricho nº 24 de Paganini,audio/violino/paganini_caprice.mp3,upload,,,,,avancado,,[],0,9,false,2026-02-13 18:01:39.533249
7551171e-02ad-45ee-a0c8-47a1cafc988f,4445b5c9-dcdf-4dd3-8ce6-bb04a22127ce,video,Ave Maria - Schubert,Performance clássica da famosa peça,https://youtube.com/watch?v=ave_maria_violin,youtube,,,,performance,intermediario,,[],0,6,true,2026-02-13 17:57:36.711969
757bcf37-3ad1-4981-a2b7-bece0a302d37,750450cf-e14e-4f02-944e-b3c1bb0f87a4,audio,Capricho Paganini,Capricho nº 24 de Paganini,audio/violino/paganini_caprice.mp3,upload,,,,,avancado,,[],0,9,false,2026-02-13 18:01:39.533249
757d7fd9-e126-4322-98e4-0df00c4fccc8,e54b748d-3b1b-48ba-b65e-ec1e476e94ad,imagem,Violino Stradivarius,Violino clássico de luthier famoso mostrando detalhes da madeira,img/violino/stradivarius.jpg,upload,,,,,iniciante,,[],0,1,true,2026-02-13 18:01:39.533249
75983d1e-c106-470c-8dd1-15879d0aa612,fb125188-c48e-4d89-a46e-11c3b600dabd,imagem,Anatomia do Violino,Diagrama educativo das partes do violino,img/violino/anatomia.jpg,upload,,,,,iniciante,,[],0,2,true,2026-02-13 18:01:39.533249
759ccdec-8323-4c5f-8e71-e5774df073e8,35da6877-2528-4f37-9ab4-b44893ad1dbf,video,Ave Maria - Schubert,Performance clássica da famosa peça,https://youtube.com/watch?v=ave_maria_violin,youtube,,,,performance,intermediario,,[],0,6,true,2026-02-13 18:01:39.533249
75c9e9ed-995f-4d1b-b677-ccb803d06a3c,df49fd27-9bcd-4462-a0f8-b36f0ff9f97f,video,Ave Maria - Schubert,Performance clássica da famosa peça,https://youtube.com/watch?v=ave_maria_violin,youtube,,,,performance,intermediario,,[],0,6,true,2026-02-13 17:57:36.711969
75cd0d11-0604-4089-97c7-f4cf1ebc24dc,13912e91-7b48-4a8d-82b7-b59515c2a0d3,audio,Concerto Tchaikovsky,Primeiro movimento do famoso concerto,audio/violino/tchaikovsky_concerto.mp3,upload,,,,,avancado,,[],0,8,false,2026-02-13 18:01:39.533249
75cd801f-3a38-4098-9d93-d4276907e277,453ca164-6f0e-4554-b008-dd68bf4586c2,video,Técnica de Vibrato,Demonstração da técnica de vibrato no violino,https://youtube.com/watch?v=violin_vibrato,youtube,,,,tutorial,avancado,,[],0,5,true,2026-02-13 17:57:36.711969
75ecde50-5634-4ec3-b741-5d30963ca537,794f42a6-619a-4ca3-8f1b-c3ac7a9e7a08,audio,Glissando,Execução glissando.,/midias/flauta/glissando.mp3,upload,,,,tecnica,intermediario,60,"[""glissando"",""flauta""]",0,0,true,2025-06-15 19:42:58.828009
75f853aa-cf67-454b-82bc-32cbad914db0,2abbd218-b737-410e-934b-f9c8f3d2b806,video,Violino no Jazz,Improvisação jazzística no violino,https://youtube.com/watch?v=jazz_violin,youtube,,,,performance,avancado,,[],0,7,false,2026-02-13 18:01:39.533249
7604a7a8-7422-492b-9993-29315b47667f,174f6ed4-3c21-444a-acfa-5149f53f2ca0,imagem,Violino Stradivarius (rep),Violino clássico de luthier famoso mostrando detalhes da madeira,img/violino/stradivarius.jpg,upload,,,,,iniciante,,[],0,1,true,2026-02-13 18:01:39.533249
760f04bb-db37-4db3-941d-2211bf55bb06,492f792b-8d0c-46b7-a195-c8c32114696d,3d,Modelo 3D Violino (rep),Modelo tridimensional interativo do violino,models/violino_3d.glb,upload,,,,,iniciante,,[],0,10,true,2026-02-13 18:01:39.533249
761f8159-fe9e-4977-a03c-ec95747ae7c7,7b6ae164-dfdf-452d-a5c3-d01554861444,video,Ave Maria - Schubert,Performance clássica da famosa peça,https://youtube.com/watch?v=ave_maria_violin,youtube,,,,performance,intermediario,,[],0,6,true,2026-02-13 17:57:36.711969
76247fc5-c7e9-4d91-a265-6ef8e59ea8d2,82052c70-0a9d-4d94-873e-3b402e032f55,3d,Modelo 3D Violino,Modelo tridimensional interativo do violino,models/violino_3d.glb,upload,,,,,iniciante,,[],0,10,true,2026-02-13 18:01:39.533249
762f5bc5-bbd7-4dac-948f-9f4ba9568bab,92ecdeff-3480-4f27-85cd-86f12622cf9f,imagem,Anatomia do Violino,Diagrama educativo das partes do violino,img/violino/anatomia.jpg,upload,,,,,iniciante,,[],0,2,true,2026-02-13 18:01:39.533249
763b82fa-750d-401a-bf79-0be2e6890feb,174f6ed4-3c21-444a-acfa-5149f53f2ca0,video,Ave Maria - Schubert,Performance clássica da famosa peça,https://youtube.com/watch?v=ave_maria_violin,youtube,,,,performance,intermediario,,[],0,6,false,2026-02-13 18:01:39.533249
763f8c83-8989-4d5c-b29c-4ae51f7332df,56e32061-7ed6-495d-9bc1-00cdb345b02e,video,Violino no Jazz,Improvisação jazzística no violino,https://youtube.com/watch?v=jazz_violin,youtube,,,,performance,avancado,,[],0,7,true,2026-02-13 17:57:36.711969
764924a6-ca17-4c97-a6b3-84a383b2eb25,9c3a903d-8750-4ded-9341-c876a6d6de93,video,Ave Maria - Schubert,Performance clássica da famosa peça,https://youtube.com/watch?v=ave_maria_violin,youtube,,,,performance,intermediario,,[],0,6,true,2026-02-13 18:01:39.533249
765a950f-3ef1-4c34-8e0d-956c0042cc4b,750450cf-e14e-4f02-944e-b3c1bb0f87a4,audio,Escala Cromática no Violão,Exercício de escala cromática para aquecimento,/audio/violao/escala_cromatica.mp3,upload,,,,tecnica,intermediario,45,"[""escala"",""cromatica"",""aquecimento""]",0,0,true,2025-06-08 01:05:48.886576
7662d9a3-63df-41cd-81ca-2d6202c105c4,ee709f67-e4e4-4f9c-9001-7574e4d8dfa0,video,Violino no Jazz,Improvisação jazzística no violino,https://youtube.com/watch?v=jazz_violin,youtube,,,,performance,avancado,,[],0,7,true,2026-02-13 17:57:36.711969
766d3ce9-68a8-4463-890d-0a28e7016af4,56f643e0-a3e2-4067-84ac-334c454426f8,imagem,Anatomia do Violino,Diagrama educativo das partes do violino,img/violino/anatomia.jpg,upload,,,,,iniciante,,[],0,2,true,2026-02-13 18:01:39.533249
76707f36-1d79-49d8-9f04-5fa6cc71ce6d,9edff4db-9ef5-43fc-970a-7d2086de223b,imagem,Postura do Violinista,Demonstração da postura correta para tocar violino,img/violino/postura.jpg,upload,,,,,iniciante,,[],0,3,true,2026-02-13 17:57:36.711969
767d4a49-078c-42ec-8f74-8770e62d3bac,63ebeaeb-be5d-4c26-a5cf-f59b71423401,video,Primeiros Passos no Violino,Aula básica de como segurar o violino e o arco,https://youtube.com/watch?v=violin_basics,youtube,,,,tutorial,iniciante,,[],0,4,true,2026-02-13 18:01:39.533249
76818c8d-ecf6-4304-8156-163a9c03c72d,57d10b2f-c49f-460d-8fab-3da3065c15c2,video,Violino no Jazz,Improvisação jazzística no violino,https://youtube.com/watch?v=jazz_violin,youtube,,,,performance,avancado,,[],0,7,true,2026-02-13 18:01:39.533249
76921255-7dbd-4510-990b-b4c7d782a79f,bc665a4e-e301-44d3-b8bf-decb09422d71,imagem,Anatomia do Violino,Diagrama educativo das partes do violino,img/violino/anatomia.jpg,upload,,,,,iniciante,,[],0,2,true,2026-02-13 17:57:36.711969
76b7fbe0-57e8-4120-9b1a-6537191ddc4e,9c3a903d-8750-4ded-9341-c876a6d6de93,audio,Concerto Tchaikovsky (rep),Primeiro movimento do famoso concerto,audio/violino/tchaikovsky_concerto.mp3,upload,,,,,avancado,,[],0,8,false,2026-02-13 18:01:39.533249
76d3fbfe-092e-4122-a267-878953fd58c3,96b547b5-e685-40f8-952c-9dfce2ad4dc6,imagem,Violino Stradivarius,Violino clássico de luthier famoso mostrando detalhes da madeira,img/violino/stradivarius.jpg,upload,,,,,iniciante,,[],0,1,true,2026-02-13 17:57:36.711969
76e510b2-59bc-4e20-a94e-1c99a7af5dde,9edff4db-9ef5-43fc-970a-7d2086de223b,video,Violino no Jazz (rep),Improvisação jazzística no violino,https://youtube.com/watch?v=jazz_violin,youtube,,,,performance,avancado,,[],0,7,true,2026-02-13 18:01:39.533249
771a97b0-a310-44d3-b35c-bb75dc0941f7,cca87ab1-8ad4-4876-a8d8-190f85927952,video,Violino no Jazz,Improvisação jazzística no violino,https://youtube.com/watch?v=jazz_violin,youtube,,,,performance,avancado,,[],0,7,true,2026-02-13 18:01:39.533249
7743d292-ef20-4398-a31a-7b7725b2c41d,2abbd218-b737-410e-934b-f9c8f3d2b806,video,Ave Maria - Schubert,Performance clássica da famosa peça,https://youtube.com/watch?v=ave_maria_violin,youtube,,,,performance,intermediario,,[],0,6,true,2026-02-13 17:57:36.711969
77652175-b61b-4fb7-bb0f-363d49349c79,9c3a903d-8750-4ded-9341-c876a6d6de93,video,Ave Maria - Schubert,Performance clássica da famosa peça,https://youtube.com/watch?v=ave_maria_violin,youtube,,,,performance,intermediario,,[],0,6,true,2026-02-13 17:57:36.711969
776a1179-922c-453d-b8c5-3810e7a27876,bee0f63a-e248-4f2c-9325-0a23cb3c5a8e,video,Primeiros Passos no Violino,Aula básica de como segurar o violino e o arco,https://youtube.com/watch?v=violin_basics,youtube,,,,tutorial,iniciante,,[],0,4,false,2026-02-13 18:01:39.533249
776b44b9-0f11-47f7-a3f7-1099e6839384,36b9d36d-f65b-4ba1-89be-4ab3707e874c,audio,Respiração,Respiração controlada.,/midias/fagote/respiracao.mp3,upload,,,,tecnica,iniciante,60,"[""respiracao"",""fagote""]",0,0,true,2025-06-20 02:48:24.932103
776b64db-fe00-47a6-9205-018c9dbed2d9,d7c80fe1-ab43-4920-b2aa-d9b4f3ace166,audio,Escala básica,Escala de Dó maior no clarinete,/midias/clarinete/escala_do_maior.mp3,upload,,,,tecnica,iniciante,60,"[""escala"",""clarinete""]",0,0,true,2025-06-15 18:40:32.725911
776d9c43-6d04-474d-88b3-42035b55d228,3e02292d-bd2f-46ed-9b9e-a0c8b0acd996,imagem,Postura do Violinista,Demonstração da postura correta para tocar violino,img/violino/postura.jpg,upload,,,,,iniciante,,[],0,3,true,2026-02-13 18:01:39.533249
776ea41d-b3b0-4b48-bb1d-cc5585abc39e,3702e3f9-bc82-42b6-ae32-c770081b3ec2,video,Violino no Jazz,Improvisação jazzística no violino,https://youtube.com/watch?v=jazz_violin,youtube,,,,performance,avancado,,[],0,7,false,2026-02-13 18:01:39.533249
77bad1e7-2a8a-46a9-8d62-71fe321c4419,57d10b2f-c49f-460d-8fab-3da3065c15c2,video,Ave Maria - Schubert,Performance clássica da famosa peça,https://youtube.com/watch?v=ave_maria_violin,youtube,,,,performance,intermediario,,[],0,6,false,2026-02-13 18:01:39.533249
77d61f7b-83b0-493e-9e05-db33e4c5cbd5,63ebeaeb-be5d-4c26-a5cf-f59b71423401,3d,Modelo 3D Violino,Modelo tridimensional interativo do violino,models/violino_3d.glb,upload,,,,,iniciante,,[],0,10,true,2026-02-13 18:01:39.533249
77db93c6-f560-4dd7-b877-810bcb2ae159,492f792b-8d0c-46b7-a195-c8c32114696d,imagem,Anatomia do Violino (rep),Diagrama educativo das partes do violino,img/violino/anatomia.jpg,upload,,,,,iniciante,,[],0,2,true,2026-02-13 18:01:39.533249
780cc8a5-ee71-4232-ba98-c1e936e138f2,4d78c5a4-04bf-452d-b326-83e7c72c10ef,video,Ave Maria - Schubert,Performance clássica da famosa peça,https://youtube.com/watch?v=ave_maria_violin,youtube,,,,performance,intermediario,,[],0,6,false,2026-02-13 18:01:39.533249
7830c36c-e9a8-41b3-869d-2e8f9a176b70,a0f53672-7d87-4ab4-a64f-b551fc1a380d,imagem,Anatomia do Violino,Diagrama educativo das partes do violino,img/violino/anatomia.jpg,upload,,,,,iniciante,,[],0,2,false,2026-02-13 18:01:39.533249
784088df-62c1-4e8e-ba4c-d53443dde4cf,453ca164-6f0e-4554-b008-dd68bf4586c2,3d,Modelo 3D Violino (rep),Modelo tridimensional interativo do violino,models/violino_3d.glb,upload,,,,,iniciante,,[],0,10,true,2026-02-13 18:01:39.533249
785cbcc8-dc77-453c-90fa-84e14b8f2600,9edff4db-9ef5-43fc-970a-7d2086de223b,video,Pizzicato grave (C3),Dedilhado na C,https://youtu.be/VID_VIOLA_PIZZ_C3,youtube,,,,tutorial,iniciante,25,,0,8,true,2025-09-22 11:48:23.651843
786068e9-b425-48dc-95f0-40fec59e2fd0,d7c80fe1-ab43-4920-b2aa-d9b4f3ace166,imagem,Clarinetista solo,Artista em solo,/midias/clarinete/solo.jpg,upload,,,,performance,avancado,,"[""solo"",""clarinete""]",0,0,true,2025-06-15 19:19:49.258132
788e050f-77e6-42c6-8b96-2cfdafbf519d,f8653cdb-e2e7-479a-bfff-c8643859b866,imagem,Anatomia do Violino,Diagrama educativo das partes do violino,img/violino/anatomia.jpg,upload,,,,,iniciante,,[],0,2,true,2026-02-13 18:01:39.533249
789a2519-ab83-432e-b95f-5f808e2efe91,9a5e0eac-114e-4173-90af-32b55c870675,audio,Capricho Paganini (rep),Capricho nº 24 de Paganini,audio/violino/paganini_caprice.mp3,upload,,,,,avancado,,[],0,9,true,2026-02-13 18:01:39.533249
789f0604-5a77-4d55-b45e-7204edb82493,d7c80fe1-ab43-4920-b2aa-d9b4f3ace166,video,Como gerar som no clarinete,Tutorial básico para produzir som no clarinete,https://www.youtube.com/watch?v=exemplo1,youtube,,,,demonstracao,iniciante,300,"[""tutorial"",""som"",""clarinete""]",0,0,true,2025-06-15 18:40:32.725911
78b8ef0e-2f24-484b-96cf-91b3db6d9da4,df168c2e-275a-44ed-9ee7-af356bf724e5,audio,Capricho Paganini,Capricho nº 24 de Paganini,audio/violino/paganini_caprice.mp3,upload,,,,,avancado,,[],0,9,true,2026-02-13 18:01:39.533249
78dbc72b-099a-40da-b708-59f4defaa3f1,34f9e29b-3d22-464a-b31c-c3f4fbb73328,video,Primeiros Passos no Violino,Aula básica de como segurar o violino e o arco,https://youtube.com/watch?v=violin_basics,youtube,,,,tutorial,iniciante,,[],0,4,true,2026-02-13 17:57:36.711969
79059d3b-2ab0-4a51-9c1e-42eac418ea10,492f792b-8d0c-46b7-a195-c8c32114696d,3d,Modelo 3D Violino,Modelo tridimensional interativo do violino,models/violino_3d.glb,upload,,,,,iniciante,,[],0,10,false,2026-02-13 18:01:39.533249
7947549d-cb98-422c-bbf6-f6c68673a4c0,ab9720a5-1973-484e-9a44-d4aa62594336,imagem,Anatomia Interna do Piano,"Corte transversal mostrando martelos, cordas e mecanismo",/images/piano/anatomia_piano.jpg,upload,,,,tecnica,intermediario,,"[""anatomia"",""mecanismo"",""educativo""]",0,0,true,2025-06-08 15:18:29.330868
794d5ab5-0a26-4ca6-947e-3334b4bac914,4c61dc18-2b1e-48c8-8a2e-2c730679d4a5,video,Violino no Jazz,Improvisação jazzística no violino,https://youtube.com/watch?v=jazz_violin,youtube,,,,performance,avancado,,[],0,7,true,2026-02-13 18:01:39.533249
795b59f0-4a7e-4187-a89a-d7d37a274079,df42056c-8a3e-454c-aeca-73b4d608b85c,video,Ave Maria - Schubert,Performance clássica da famosa peça,https://youtube.com/watch?v=ave_maria_violin,youtube,,,,performance,intermediario,,[],0,6,true,2026-02-13 18:01:39.533249
798e46eb-15fe-48a6-9949-6b281176fe0c,36040329-1aa6-428a-ad39-cd85de03493e,video,Primeiros Passos no Violino,Aula básica de como segurar o violino e o arco,https://youtube.com/watch?v=violin_basics,youtube,,,,tutorial,iniciante,,[],0,4,true,2026-02-13 17:57:36.711969
799129e9-e234-4786-967a-8ee7f176cd36,e54b748d-3b1b-48ba-b65e-ec1e476e94ad,audio,Concerto Tchaikovsky,Primeiro movimento do famoso concerto,audio/violino/tchaikovsky_concerto.mp3,upload,,,,,avancado,,[],0,8,true,2026-02-13 17:57:36.711969
799c0cdf-3078-4a8e-8ccd-cf19c1e8a0d9,750450cf-e14e-4f02-944e-b3c1bb0f87a4,video,Ave Maria - Schubert,Performance clássica da famosa peça,https://youtube.com/watch?v=ave_maria_violin,youtube,,,,performance,intermediario,,[],0,6,false,2026-02-13 18:01:39.533249
79a5879e-6261-4952-bc36-31e4593101f6,9edff4db-9ef5-43fc-970a-7d2086de223b,imagem,Anatomia do Violino (rep),Diagrama educativo das partes do violino,img/violino/anatomia.jpg,upload,,,,,iniciante,,[],0,2,true,2026-02-13 18:01:39.533249
79c94fa8-fe10-49e2-93dc-87f1cff2a1e9,63ebeaeb-be5d-4c26-a5cf-f59b71423401,video,Ave Maria - Schubert,Performance clássica da famosa peça,https://youtube.com/watch?v=ave_maria_violin,youtube,,,,performance,intermediario,,[],0,6,true,2026-02-13 17:57:36.711969
7a51b3f6-a13e-481c-91ed-a51d4df83726,63ebeaeb-be5d-4c26-a5cf-f59b71423401,audio,Capricho Paganini,Capricho nº 24 de Paganini,audio/violino/paganini_caprice.mp3,upload,,,,,avancado,,[],0,9,true,2026-02-13 18:01:39.533249
7a5c253e-ca64-47be-8b97-466f0f749660,9c3a903d-8750-4ded-9341-c876a6d6de93,imagem,Anatomia do Violino,Diagrama educativo das partes do violino,img/violino/anatomia.jpg,upload,,,,,iniciante,,[],0,2,true,2026-02-13 18:01:39.533249
7a7a82d7-9016-4fa7-8cec-9627afa14645,3e02292d-bd2f-46ed-9b9e-a0c8b0acd996,imagem,Violino Stradivarius (rep),Violino clássico de luthier famoso mostrando detalhes da madeira,img/violino/stradivarius.jpg,upload,,,,,iniciante,,[],0,1,true,2026-02-13 18:01:39.533249
7a87a161-5264-4790-a1bc-46f5f89dda8a,412c40b6-f4fc-4379-9d6f-5ce0ec2d669d,imagem,Partes do violoncelo,Imagem anotada com as partes do violoncelo.,/midias/violoncelo/partes.jpg,upload,,,,tecnica,iniciante,,"[""anatomia"",""violoncelo""]",0,0,true,2025-06-15 19:35:06.847648
7ab44ca4-be5c-4c53-be73-955d736b8a3c,57d10b2f-c49f-460d-8fab-3da3065c15c2,video,Técnica de Vibrato,Demonstração da técnica de vibrato no violino,https://youtube.com/watch?v=violin_vibrato,youtube,,,,tutorial,avancado,,[],0,5,true,2026-02-13 18:01:39.533249
7ac00f28-f2a9-4a4a-81d7-9a15877bd174,82052c70-0a9d-4d94-873e-3b402e032f55,3d,Modelo 3D Violino (rep),Modelo tridimensional interativo do violino,models/violino_3d.glb,upload,,,,,iniciante,,[],0,10,true,2026-02-13 18:01:39.533249
7ac5d729-3baf-4257-9649-8e99cf281b1f,26cadf44-6d7b-4f9b-85d6-6b2c40715f45,video,Embocadura,Formação da embocadura.,https://www.youtube.com/watch?v=saxofone2,youtube,,,,tecnica,iniciante,240,"[""embocadura"",""saxofone""]",0,0,true,2025-06-16 00:56:26.375072
7aced9a7-e2f3-4e8e-b24f-9cc974adfcbd,0b9c8c6b-0e47-471c-b83b-01c931410692,imagem,Anatomia do Violino,Diagrama educativo das partes do violino,img/violino/anatomia.jpg,upload,,,,,iniciante,,[],0,2,false,2026-02-13 18:01:39.533249
7add4d7d-3874-44ba-9ec2-1c7148a2f75d,57d10b2f-c49f-460d-8fab-3da3065c15c2,video,Primeiros Passos no Violino (rep),Aula básica de como segurar o violino e o arco,https://youtube.com/watch?v=violin_basics,youtube,,,,tutorial,iniciante,,[],0,4,true,2026-02-13 18:01:39.533249
7afb67a6-42ba-4fb6-b9fd-6f5ef28b5e90,8fbba87d-39e1-4542-b8bb-7c815fdc2b9a,video,Ave Maria - Schubert,Performance clássica da famosa peça,https://youtube.com/watch?v=ave_maria_violin,youtube,,,,performance,intermediario,,[],0,6,true,2026-02-13 17:57:36.711969
7b00915c-6111-440b-9752-cf9b2f0a2f2e,7b6ae164-dfdf-452d-a5c3-d01554861444,video,Técnica de Vibrato (rep),Demonstração da técnica de vibrato no violino,https://youtube.com/watch?v=violin_vibrato,youtube,,,,tutorial,avancado,,[],0,5,false,2026-02-13 18:01:39.533249
7b11af24-dee0-40d2-986b-7ab602b1c2a6,e48ad87b-d237-45e4-a707-05374c4240fa,audio,Concerto Tchaikovsky,Primeiro movimento do famoso concerto,audio/violino/tchaikovsky_concerto.mp3,upload,,,,,avancado,,[],0,8,true,2026-02-13 18:01:39.533249
7b38be0a-643e-400d-a6d6-8e8c9ecccd23,36b9d36d-f65b-4ba1-89be-4ab3707e874c,imagem,Fagote solo,Apresentação solo de fagote.,/midias/fagote/solo.jpg,upload,,,,performance,avancado,,"[""solo"",""fagote""]",0,0,true,2025-06-20 02:48:24.932103
7b812754-033e-4b24-904d-ee502c1d7866,794f42a6-619a-4ca3-8f1b-c3ac7a9e7a08,video,Postura correta,Como segurar a flauta.,https://www.youtube.com/watch?v=flauta1,youtube,,,,tecnica,iniciante,300,"[""postura"",""flauta""]",0,0,true,2025-06-15 19:42:58.828009
7b8e5213-4161-47bf-9c73-6abbd2e67a98,9edff4db-9ef5-43fc-970a-7d2086de223b,video,Violino no Jazz,Improvisação jazzística no violino,https://youtube.com/watch?v=jazz_violin,youtube,,,,performance,avancado,,[],0,7,true,2026-02-13 17:57:36.711969
7b8e8af1-132d-41b2-be2a-de2a731a0f14,cca87ab1-8ad4-4876-a8d8-190f85927952,imagem,Postura do Violinista,Demonstração da postura correta para tocar violino,img/violino/postura.jpg,upload,,,,,iniciante,,[],0,3,true,2026-02-13 18:01:39.533249
7b927991-0f49-419d-89ea-72c7767565be,0b9c8c6b-0e47-471c-b83b-01c931410692,video,Ave Maria - Schubert,Performance clássica da famosa peça,https://youtube.com/watch?v=ave_maria_violin,youtube,,,,performance,intermediario,,[],0,6,true,2026-02-13 18:01:39.533249
7b9f9caa-1a3a-459d-a3fe-742ec159ddb3,86f83611-c0db-470c-87e7-31ee81b1a009,video,Técnica de Vibrato,Demonstração da técnica de vibrato no violino,https://youtube.com/watch?v=violin_vibrato,youtube,,,,tutorial,avancado,,[],0,5,true,2026-02-13 17:57:36.711969
7bbd9e9c-01f0-4667-a3a2-12a0b24dd4ef,8fbba87d-39e1-4542-b8bb-7c815fdc2b9a,audio,Capricho Paganini,Capricho nº 24 de Paganini,audio/violino/paganini_caprice.mp3,upload,,,,,avancado,,[],0,9,true,2026-02-13 17:57:36.711969
7bc53ea5-a57e-4075-b441-6504600d226d,cca87ab1-8ad4-4876-a8d8-190f85927952,audio,Capricho Paganini,Capricho nº 24 de Paganini,audio/violino/paganini_caprice.mp3,upload,,,,,avancado,,[],0,9,true,2026-02-13 18:01:39.533249
7bc5deab-74ab-4340-a214-3c6bb44d897f,9c3a903d-8750-4ded-9341-c876a6d6de93,imagem,Anatomia do Violino (rep),Diagrama educativo das partes do violino,img/violino/anatomia.jpg,upload,,,,,iniciante,,[],0,2,false,2026-02-13 18:01:39.533249
7bd0e863-e467-4106-b6a1-0e31b52f66a8,8ddb4eea-18b9-4b8f-bb85-16a1f5474f87,video,Primeiros Passos no Violino,Aula básica de como segurar o violino e o arco,https://youtube.com/watch?v=violin_basics,youtube,,,,tutorial,iniciante,,[],0,4,true,2026-02-13 17:57:36.711969
7bdb8379-2df5-4040-a803-4b67d5554eb7,9a5e0eac-114e-4173-90af-32b55c870675,video,Técnica de Vibrato,Demonstração da técnica de vibrato no violino,https://youtube.com/watch?v=violin_vibrato,youtube,,,,tutorial,avancado,,[],0,5,true,2026-02-13 17:57:36.711969
7bf49c83-281d-4a70-a39c-2c52398fae90,9edff4db-9ef5-43fc-970a-7d2086de223b,audio,Concerto Tchaikovsky,Primeiro movimento do famoso concerto,audio/violino/tchaikovsky_concerto.mp3,upload,,,,,avancado,,[],0,8,false,2026-02-13 18:01:39.533249
7c008537-bd11-448c-a742-0cd5974dc1ce,df168c2e-275a-44ed-9ee7-af356bf724e5,video,Técnica de Vibrato (rep),Demonstração da técnica de vibrato no violino,https://youtube.com/watch?v=violin_vibrato,youtube,,,,tutorial,avancado,,[],0,5,false,2026-02-13 18:01:39.533249
7c15726f-6bfe-4e80-8696-15035b27ce5a,412c40b6-f4fc-4379-9d6f-5ce0ec2d669d,audio,Glissando,Exemplo de glissando.,/midias/violoncelo/glissando.mp3,upload,,,,tecnica,intermediario,60,"[""glissando"",""violoncelo""]",0,0,true,2025-06-15 19:35:06.847648
7c494a68-0772-4ed9-afa7-7cff4cdd67a1,cca87ab1-8ad4-4876-a8d8-190f85927952,imagem,Anatomia do Violino (rep),Diagrama educativo das partes do violino,img/violino/anatomia.jpg,upload,,,,,iniciante,,[],0,2,true,2026-02-13 18:01:39.533249
7c7b1964-f6af-401d-af89-f77ccd01b13a,cca87ab1-8ad4-4876-a8d8-190f85927952,3d,Modelo 3D Violino,Modelo tridimensional interativo do violino,models/violino_3d.glb,upload,,,,,iniciante,,[],0,10,true,2026-02-13 17:57:36.711969
7c7f4362-5245-412f-8a94-b7a5b8161a0c,11a7bc0c-232f-40dc-92ac-4d15aebd2d52,video,Violino no Jazz,Improvisação jazzística no violino,https://youtube.com/watch?v=jazz_violin,youtube,,,,performance,avancado,,[],0,7,true,2026-02-13 17:57:36.711969
7c96a2c0-c947-4497-8eae-8b74cf9857fe,9edff4db-9ef5-43fc-970a-7d2086de223b,imagem,Anatomia do Violino,Diagrama educativo das partes do violino,img/violino/anatomia.jpg,upload,,,,,iniciante,,[],0,2,false,2026-02-13 18:01:39.533249
7c97a46c-83c0-4183-8a83-93ce30d974ad,35aff373-706c-47d8-8004-d8edcddb1e0c,audio,Expressão,Execução expressiva.,/midias/baixo/expressao.mp3,upload,,,,tecnica,intermediario,60,"[""expressao"",""baixo""]",0,0,true,2025-06-16 04:38:10.049188
7c97e4d8-e015-4d77-8c68-e314353e4071,9a5e0eac-114e-4173-90af-32b55c870675,video,Ave Maria - Schubert (rep),Performance clássica da famosa peça,https://youtube.com/watch?v=ave_maria_violin,youtube,,,,performance,intermediario,,[],0,6,true,2026-02-13 18:01:39.533249
7ca9286c-af98-4de8-91d8-c408226161a2,1f8c0a22-f3fc-4f51-8938-6e1cc6e24f85,audio,Capricho Paganini,Capricho nº 24 de Paganini,audio/violino/paganini_caprice.mp3,upload,,,,,avancado,,[],0,9,false,2026-02-13 18:01:39.533249
7cc4530a-f9b8-4129-98da-8357980463dc,2abbd218-b737-410e-934b-f9c8f3d2b806,imagem,Postura do Violinista,Demonstração da postura correta para tocar violino,img/violino/postura.jpg,upload,,,,,iniciante,,[],0,3,false,2026-02-13 18:01:39.533249
7ccce622-2fb3-4d84-8ba4-3af9dd924128,82052c70-0a9d-4d94-873e-3b402e032f55,video,Primeiros Passos no Violino,Aula básica de como segurar o violino e o arco,https://youtube.com/watch?v=violin_basics,youtube,,,,tutorial,iniciante,,[],0,4,true,2026-02-13 17:57:36.711969
7ce92973-a195-46e9-a4f4-e4408dc806ff,412c40b6-f4fc-4379-9d6f-5ce0ec2d669d,video,Glissando,Glissando no violoncelo.,https://www.youtube.com/watch?v=violoncelo5,youtube,,,,tecnica,intermediario,180,"[""glissando"",""violoncelo""]",0,0,true,2025-06-15 19:35:06.847648
7cf398b0-fada-4548-9a45-cc9aaae8b940,f8653cdb-e2e7-479a-bfff-c8643859b866,video,Ave Maria - Schubert,Performance clássica da famosa peça,https://youtube.com/watch?v=ave_maria_violin,youtube,,,,performance,intermediario,,[],0,6,false,2026-02-13 18:01:39.533249
7cf3b692-10b5-4b65-8b9f-898a68a61c97,412c40b6-f4fc-4379-9d6f-5ce0ec2d669d,audio,Trinado,Exemplo de trinado.,/midias/violoncelo/trinado.mp3,upload,,,,tecnica,intermediario,60,"[""trinado"",""violoncelo""]",0,0,true,2025-06-15 19:35:06.847648
7cfaf477-3a55-4f7b-ae7e-3f91653bdbec,82052c70-0a9d-4d94-873e-3b402e032f55,imagem,Postura do Violinista,Demonstração da postura correta para tocar violino,img/violino/postura.jpg,upload,,,,,iniciante,,[],0,3,true,2026-02-13 17:57:36.711969
7d1b7505-d608-45a2-98e3-1e8e9a201ea2,df49fd27-9bcd-4462-a0f8-b36f0ff9f97f,video,Blues Guitar Essentials,Fundamentos da guitarra blues com backing track,https://youtube.com/watch?v=blues_guitar,youtube,,,,tutorial,intermediario,,[],0,7,true,2025-06-09 04:29:36.307529
7d414563-44ef-4a83-bf9b-4fd99adbc508,9edff4db-9ef5-43fc-970a-7d2086de223b,imagem,F-holes — detalhe,Aberturas acústicas,media/viola/imagens/viola-fholes-01.jpg,local,,,,educativo,iniciante,,,0,2,true,2025-09-22 11:48:23.651843
7d6639cc-de80-4113-b3c7-08c82e6a4ac9,92ecdeff-3480-4f27-85cd-86f12622cf9f,imagem,Postura do Violinista,Demonstração da postura correta para tocar violino,img/violino/postura.jpg,upload,,,,,iniciante,,[],0,3,true,2026-02-13 18:01:39.533249
7d6a93ef-153b-48d0-bc70-6237b02527fc,509d6a26-159a-4976-aa46-83f914f930aa,video,Primeiros Passos no Violino (rep),Aula básica de como segurar o violino e o arco,https://youtube.com/watch?v=violin_basics,youtube,,,,tutorial,iniciante,,[],0,4,true,2026-02-13 18:01:39.533249
7d701db3-4be4-4ce9-907f-bb43d31cb0e6,1b699036-0f72-4c48-9801-e01f6f25e165,audio,Capricho Paganini,Capricho nº 24 de Paganini,audio/violino/paganini_caprice.mp3,upload,,,,,avancado,,[],0,9,true,2026-02-13 18:01:39.533249
7d8b8014-7173-47c9-86b0-459566b641c5,56e32061-7ed6-495d-9bc1-00cdb345b02e,video,Técnica de Vibrato,Demonstração da técnica de vibrato no violino,https://youtube.com/watch?v=violin_vibrato,youtube,,,,tutorial,avancado,,[],0,5,true,2026-02-13 17:57:36.711969
7d935e25-ed02-4334-9aa6-996c109a7b1e,92ecdeff-3480-4f27-85cd-86f12622cf9f,video,Violino no Jazz,Improvisação jazzística no violino,https://youtube.com/watch?v=jazz_violin,youtube,,,,performance,avancado,,[],0,7,true,2026-02-13 17:57:36.711969
7de55666-d035-45f5-833c-4287e5680cf7,cca87ab1-8ad4-4876-a8d8-190f85927952,video,Ave Maria - Schubert (rep),Performance clássica da famosa peça,https://youtube.com/watch?v=ave_maria_violin,youtube,,,,performance,intermediario,,[],0,6,true,2026-02-13 18:01:39.533249
7e1f6b62-d629-4e5b-9870-d65fdf73bafd,6b11dc1a-295f-4458-9c08-2bcec09ff3ec,video,Ave Maria - Schubert,Performance clássica da famosa peça,https://youtube.com/watch?v=ave_maria_violin,youtube,,,,performance,intermediario,,[],0,6,true,2026-02-13 18:01:39.533249
7e2c0867-ecaf-4960-b77b-27a107abf5e9,57d10b2f-c49f-460d-8fab-3da3065c15c2,imagem,Anatomia do Violino,Diagrama educativo das partes do violino,img/violino/anatomia.jpg,upload,,,,,iniciante,,[],0,2,true,2026-02-13 18:01:39.533249
7e33e891-ec4d-4ccd-b9e9-3e2d07122cad,2abbd218-b737-410e-934b-f9c8f3d2b806,video,Primeiros Passos no Violino (rep),Aula básica de como segurar o violino e o arco,https://youtube.com/watch?v=violin_basics,youtube,,,,tutorial,iniciante,,[],0,4,true,2026-02-13 18:01:39.533249
7e3524d8-7f29-4900-829b-7f4bb75d6e8b,9c3a903d-8750-4ded-9341-c876a6d6de93,video,Primeiros Passos no Violino,Aula básica de como segurar o violino e o arco,https://youtube.com/watch?v=violin_basics,youtube,,,,tutorial,iniciante,,[],0,4,true,2026-02-13 18:01:39.533249
7e5125a6-7e3a-4573-b803-9208710a5952,11a7bc0c-232f-40dc-92ac-4d15aebd2d52,imagem,Postura do Violinista,Demonstração da postura correta para tocar violino,img/violino/postura.jpg,upload,,,,,iniciante,,[],0,3,true,2026-02-13 18:01:39.533249
7e55699a-c6e9-4112-b5d4-989af196fab4,4bc1c064-fa97-43f5-b6d7-d466ca66635d,imagem,Violino Stradivarius,Violino clássico de luthier famoso mostrando detalhes da madeira,img/violino/stradivarius.jpg,upload,,,,,iniciante,,[],0,1,false,2026-02-13 18:01:39.533249
7e65a42c-0466-4b79-b281-2f2dacd2f933,9edff4db-9ef5-43fc-970a-7d2086de223b,imagem,Ombreira/queixeira,Ergonomia,media/viola/imagens/viola-ergonomia-01.jpg,local,,,,educativo,intermediario,,,0,9,true,2025-09-22 11:48:23.651843
7e8ae356-cf00-4d50-8ca3-dbfff9f8e6bf,e48ad87b-d237-45e4-a707-05374c4240fa,imagem,Anatomia do Violino (rep),Diagrama educativo das partes do violino,img/violino/anatomia.jpg,upload,,,,,iniciante,,[],0,2,true,2026-02-13 18:01:39.533249
7e8c1efb-22a5-4081-8bd3-0ccbe104df04,df42056c-8a3e-454c-aeca-73b4d608b85c,video,Primeiros Passos no Violino,Aula básica de como segurar o violino e o arco,https://youtube.com/watch?v=violin_basics,youtube,,,,tutorial,iniciante,,[],0,4,false,2026-02-13 18:01:39.533249
7ea220fb-a738-43df-952a-3aa58d2444cd,35aff373-706c-47d8-8004-d8edcddb1e0c,video,Groove funk,Groove básico funk.,https://www.youtube.com/watch?v=baixo6,youtube,,,,tecnica,intermediario,180,"[""groove"",""baixo""]",0,0,true,2025-06-16 04:38:10.049188
7ea299d2-5c81-4676-b5f6-69da7ac55ccb,c75fe646-ff86-4420-98f0-a0f25d39de45,audio,Concerto Tchaikovsky (rep),Primeiro movimento do famoso concerto,audio/violino/tchaikovsky_concerto.mp3,upload,,,,,avancado,,[],0,8,false,2026-02-13 18:01:39.533249
7ebf7828-5d57-4894-baab-fa7528308f52,9edff4db-9ef5-43fc-970a-7d2086de223b,audio,Concerto Tchaikovsky,Primeiro movimento do famoso concerto,audio/violino/tchaikovsky_concerto.mp3,upload,,,,,avancado,,[],0,8,true,2026-02-13 17:57:36.711969
7ec75f3f-f638-4522-8c0c-2edfcbe0bf6b,ee709f67-e4e4-4f9c-9001-7574e4d8dfa0,audio,Concerto Tchaikovsky,Primeiro movimento do famoso concerto,audio/violino/tchaikovsky_concerto.mp3,upload,,,,,avancado,,[],0,8,false,2026-02-13 18:01:39.533249
7ed72848-6afe-432e-acf5-29bbe09864c0,32705505-7727-4d27-b7bd-b08e7c90c233,video,Técnica de Vibrato,Demonstração da técnica de vibrato no violino,https://youtube.com/watch?v=violin_vibrato,youtube,,,,tutorial,avancado,,[],0,5,true,2026-02-13 18:01:39.533249
7eec1641-3e35-4927-9889-dc4c3d08c0c1,1f8c0a22-f3fc-4f51-8938-6e1cc6e24f85,video,Técnica de Vibrato (rep),Demonstração da técnica de vibrato no violino,https://youtube.com/watch?v=violin_vibrato,youtube,,,,tutorial,avancado,,[],0,5,false,2026-02-13 18:01:39.533249
7ef26283-3596-4a53-97e8-bf5c59904869,9edff4db-9ef5-43fc-970a-7d2086de223b,imagem,Violino Stradivarius,Violino clássico de luthier famoso mostrando detalhes da madeira,img/violino/stradivarius.jpg,upload,,,,,iniciante,,[],0,1,true,2026-02-13 17:57:36.711969
7ef356bb-503a-4ec9-9436-047995e02d90,174f6ed4-3c21-444a-acfa-5149f53f2ca0,video,Primeiros Passos no Violino (rep),Aula básica de como segurar o violino e o arco,https://youtube.com/watch?v=violin_basics,youtube,,,,tutorial,iniciante,,[],0,4,true,2026-02-13 18:01:39.533249
7f0c907c-b0fd-4c98-8b1c-9609ebc041a1,ee709f67-e4e4-4f9c-9001-7574e4d8dfa0,3d,Modelo 3D Violino,Modelo tridimensional interativo do violino,models/violino_3d.glb,upload,,,,,iniciante,,[],0,10,true,2026-02-13 17:57:36.711969
7f2e9938-6f49-4ced-ac7d-73addeef7d13,34f9e29b-3d22-464a-b31c-c3f4fbb73328,imagem,Anatomia do Violino,Diagrama educativo das partes do violino,img/violino/anatomia.jpg,upload,,,,,iniciante,,[],0,2,true,2026-02-13 18:01:39.533249
7f378fd8-bd08-444d-b8f3-4bcdacd30b90,2abbd218-b737-410e-934b-f9c8f3d2b806,audio,Capricho Paganini,Capricho nº 24 de Paganini,audio/violino/paganini_caprice.mp3,upload,,,,,avancado,,[],0,9,true,2026-02-13 18:01:39.533249
7f395a3a-a27e-478e-826a-5de781a143ee,bee0f63a-e248-4f2c-9325-0a23cb3c5a8e,video,Ave Maria - Schubert,Performance clássica da famosa peça,https://youtube.com/watch?v=ave_maria_violin,youtube,,,,performance,intermediario,,[],0,6,true,2026-02-13 18:01:39.533249
7f579665-f44e-4ff4-855b-02d3f5236a76,2abbd218-b737-410e-934b-f9c8f3d2b806,3d,Modelo 3D Violino,Modelo tridimensional interativo do violino,models/violino_3d.glb,upload,,,,,iniciante,,[],0,10,true,2026-02-13 18:01:39.533249
7f7f2de1-31b1-4605-ba63-363f92a714b3,4445b5c9-dcdf-4dd3-8ce6-bb04a22127ce,video,Primeiros Passos no Violino,Aula básica de como segurar o violino e o arco,https://youtube.com/watch?v=violin_basics,youtube,,,,tutorial,iniciante,,[],0,4,true,2026-02-13 18:01:39.533249
7f81ffa7-ca30-41c0-a368-6ff497de3a7e,e48ad87b-d237-45e4-a707-05374c4240fa,audio,Concerto Tchaikovsky (rep),Primeiro movimento do famoso concerto,audio/violino/tchaikovsky_concerto.mp3,upload,,,,,avancado,,[],0,8,true,2026-02-13 18:01:39.533249
7f920220-9048-4963-9c21-d7a55987b9b5,3702e3f9-bc82-42b6-ae32-c770081b3ec2,imagem,Anatomia do Violino,Diagrama educativo das partes do violino,img/violino/anatomia.jpg,upload,,,,,iniciante,,[],0,2,true,2026-02-13 18:01:39.533249
7f9bc499-128b-4adb-9dd0-4c8dda183b9e,26cadf44-6d7b-4f9b-85d6-6b2c40715f45,imagem,Saxofone em banda,Saxofone em formação de banda.,/midias/saxofone/banda.jpg,upload,,,,performance,intermediario,,"[""banda"",""saxofone""]",0,0,true,2025-06-16 00:56:26.375072
7fa7cfa9-7594-4896-80c0-08861e9cec90,1b699036-0f72-4c48-9801-e01f6f25e165,video,Violino no Jazz,Improvisação jazzística no violino,https://youtube.com/watch?v=jazz_violin,youtube,,,,performance,avancado,,[],0,7,true,2026-02-13 18:01:39.533249
7fb03e79-1eda-4524-b19e-3192979c71d7,0e52514e-58c3-463a-a6e4-f71a1439f9b7,imagem,Violino Stradivarius (rep),Violino clássico de luthier famoso mostrando detalhes da madeira,img/violino/stradivarius.jpg,upload,,,,,iniciante,,[],0,1,true,2026-02-13 18:01:39.533249
7fb7262b-f8d3-4c88-854c-f8493bb10a61,3957c464-86dc-4aa2-9f09-57b5eb2a6c6a,video,Violino no Jazz,Improvisação jazzística no violino,https://youtube.com/watch?v=jazz_violin,youtube,,,,performance,avancado,,[],0,7,true,2026-02-13 17:57:36.711969
7ff6f5ae-f5f2-4265-90d7-4ffc0a7d8a6b,4bc1c064-fa97-43f5-b6d7-d466ca66635d,imagem,Postura do Violinista,Demonstração da postura correta para tocar violino,img/violino/postura.jpg,upload,,,,,iniciante,,[],0,3,true,2026-02-13 17:57:36.711969
7ffa7c59-a38e-4c76-8e73-bb675c092d9a,4445b5c9-dcdf-4dd3-8ce6-bb04a22127ce,imagem,Postura do Violinista,Demonstração da postura correta para tocar violino,img/violino/postura.jpg,upload,,,,,iniciante,,[],0,3,true,2026-02-13 17:57:36.711969
800ae5dd-f079-4b57-b66d-6d7b4e271f08,ee709f67-e4e4-4f9c-9001-7574e4d8dfa0,imagem,Postura do Violinista,Demonstração da postura correta para tocar violino,img/violino/postura.jpg,upload,,,,,iniciante,,[],0,3,true,2026-02-13 18:01:39.533249
802c3acd-ed63-49ed-9912-13cacaee8d0b,6925f61b-ba48-473a-b69a-e3548036c1df,imagem,Violino Stradivarius,Violino clássico de luthier famoso mostrando detalhes da madeira,img/violino/stradivarius.jpg,upload,,,,,iniciante,,[],0,1,true,2026-02-13 17:57:36.711969
806b826d-d959-49af-b684-a7d2bd157379,4d78c5a4-04bf-452d-b326-83e7c72c10ef,imagem,Postura do Violinista,Demonstração da postura correta para tocar violino,img/violino/postura.jpg,upload,,,,,iniciante,,[],0,3,true,2026-02-13 17:57:36.711969
80d0c9d3-9529-4a13-91f6-52778d925b6c,ac116dcb-4fd4-4ef6-b6fb-f4ff1287bf68,video,Violino no Jazz,Improvisação jazzística no violino,https://youtube.com/watch?v=jazz_violin,youtube,,,,performance,avancado,,[],0,7,true,2026-02-13 17:57:36.711969
80fd6504-dd10-4fa7-8c46-daaef5fdebcc,492f792b-8d0c-46b7-a195-c8c32114696d,3d,Modelo 3D Violino,Modelo tridimensional interativo do violino,models/violino_3d.glb,upload,,,,,iniciante,,[],0,10,true,2026-02-13 17:57:36.711969
81054eac-763a-456d-9f47-35da63422c2b,9a5e0eac-114e-4173-90af-32b55c870675,imagem,Postura do Violinista,Demonstração da postura correta para tocar violino,img/violino/postura.jpg,upload,,,,,iniciante,,[],0,3,true,2026-02-13 18:01:39.533249
812c8888-2948-4411-9955-dd034e993bd2,9b42a23b-ac7f-42e1-8a04-bde4c525fbde,video,Solo barroco,Oboé solo em peça barroca.,https://www.youtube.com/watch?v=oboe7,youtube,,,,performance,avancado,300,"[""solo"",""oboe""]",0,0,true,2025-06-20 05:15:55.927047
813b37a7-771e-433a-8c48-2193d58de08c,26cadf44-6d7b-4f9b-85d6-6b2c40715f45,audio,Improviso,Improvisação.,/midias/saxofone/improviso.mp3,upload,,,,performance,avancado,180,"[""improviso"",""saxofone""]",0,0,true,2025-06-16 00:56:26.375072
815c8935-114d-4716-aa0b-0f2f22030f31,32705505-7727-4d27-b7bd-b08e7c90c233,audio,Capricho Paganini,Capricho nº 24 de Paganini,audio/violino/paganini_caprice.mp3,upload,,,,,avancado,,[],0,9,true,2026-02-13 17:57:36.711969
8163aca2-d573-40a8-9a2e-ef970caba39a,e54b748d-3b1b-48ba-b65e-ec1e476e94ad,imagem,Postura do Violinista,Demonstração da postura correta para tocar violino,img/violino/postura.jpg,upload,,,,,iniciante,,[],0,3,true,2026-02-13 18:01:39.533249
817ac75b-692f-4b32-bb57-6cee16bc191a,4445b5c9-dcdf-4dd3-8ce6-bb04a22127ce,video,Ave Maria - Schubert (rep),Performance clássica da famosa peça,https://youtube.com/watch?v=ave_maria_violin,youtube,,,,performance,intermediario,,[],0,6,false,2026-02-13 18:01:39.533249
817d3f78-7ca8-41a3-ba24-7e0170ced0c5,761a3318-9a5e-46f3-88f2-62159b96100c,imagem,Postura do Violinista,Demonstração da postura correta para tocar violino,img/violino/postura.jpg,upload,,,,,iniciante,,[],0,3,true,2026-02-13 17:57:36.711969
81ca067e-87b3-4939-a953-f3c25d11bc79,26cadf44-6d7b-4f9b-85d6-6b2c40715f45,imagem,Saxofone em banda,Saxofone em formação de banda.,/midias/saxofone/banda.jpg,upload,,,,performance,intermediario,,"[""banda"",""saxofone""]",0,0,false,2025-06-16 00:57:47.581967
81d5911a-b84e-4756-ae62-143b97b25596,9c3a903d-8750-4ded-9341-c876a6d6de93,imagem,Postura do Violinista,Demonstração da postura correta para tocar violino,img/violino/postura.jpg,upload,,,,,iniciante,,[],0,3,true,2026-02-13 18:01:39.533249
81dc7ede-2813-45f0-a6a4-14621754f9eb,3957c464-86dc-4aa2-9f09-57b5eb2a6c6a,3d,Modelo 3D Violino,Modelo tridimensional interativo do violino,models/violino_3d.glb,upload,,,,,iniciante,,[],0,10,true,2026-02-13 18:01:39.533249
81ec2f51-20fb-47cd-812a-760d24da01a2,9b42a23b-ac7f-42e1-8a04-bde4c525fbde,video,Expressão musical,Expressividade no oboé.,https://www.youtube.com/watch?v=oboe10,youtube,,,,tecnica,intermediario,240,"[""expressao"",""oboe""]",0,0,true,2025-06-20 05:15:55.927047
81f90987-8233-4037-a772-d616b73af197,8fbba87d-39e1-4542-b8bb-7c815fdc2b9a,imagem,Violino Stradivarius,Violino clássico de luthier famoso mostrando detalhes da madeira,img/violino/stradivarius.jpg,upload,,,,,iniciante,,[],0,1,true,2026-02-13 17:57:36.711969
81fff185-6294-4935-a6a0-4a34d37adfe1,0e52514e-58c3-463a-a6e4-f71a1439f9b7,imagem,Postura do Violinista,Demonstração da postura correta para tocar violino,img/violino/postura.jpg,upload,,,,,iniciante,,[],0,3,true,2026-02-13 18:01:39.533249
824a5a80-37a9-42a1-bda7-0fa7276b3454,3e02292d-bd2f-46ed-9b9e-a0c8b0acd996,video,Técnica de Vibrato,Demonstração da técnica de vibrato no violino,https://youtube.com/watch?v=violin_vibrato,youtube,,,,tutorial,avancado,,[],0,5,true,2026-02-13 18:01:39.533249
824f055b-2a14-4d17-b4a7-60a016de784b,3957c464-86dc-4aa2-9f09-57b5eb2a6c6a,3d,Modelo 3D Violino,Modelo tridimensional interativo do violino,models/violino_3d.glb,upload,,,,,iniciante,,[],0,10,false,2026-02-13 18:01:39.533249
826f9441-748d-4ff7-bcab-3bf72757e5b2,509d6a26-159a-4976-aa46-83f914f930aa,imagem,Trompete frontal,Foto do trompete moderno.,/midias/trompete/frontal.jpg,upload,,,,tecnica,iniciante,,"[""trompete"",""estrutura""]",0,0,true,2025-06-16 04:03:06.911381
826fed34-300d-4609-a3f8-b34c200f6532,35da6877-2528-4f37-9ab4-b44893ad1dbf,audio,Capricho Paganini (rep),Capricho nº 24 de Paganini,audio/violino/paganini_caprice.mp3,upload,,,,,avancado,,[],0,9,true,2026-02-13 18:01:39.533249
8281c9d3-71cf-49da-bdff-6769724d8d08,6925f61b-ba48-473a-b69a-e3548036c1df,video,Técnica de Vibrato,Demonstração da técnica de vibrato no violino,https://youtube.com/watch?v=violin_vibrato,youtube,,,,tutorial,avancado,,[],0,5,true,2026-02-13 18:01:39.533249
8299d3a2-d92f-479b-a39b-2a04178d5284,34f9e29b-3d22-464a-b31c-c3f4fbb73328,audio,Capricho Paganini,Capricho nº 24 de Paganini,audio/violino/paganini_caprice.mp3,upload,,,,,avancado,,[],0,9,true,2026-02-13 18:01:39.533249
82c1cbb9-ec85-4011-9cd2-507b06b6e650,794f42a6-619a-4ca3-8f1b-c3ac7a9e7a08,video,Glissando,Deslize de notas.,https://www.youtube.com/watch?v=flauta7,youtube,,,,tecnica,intermediario,150,"[""glissando"",""flauta""]",0,0,true,2025-06-15 19:42:58.828009
82d01f67-67b3-4019-82a2-451f25be6e77,8ddb4eea-18b9-4b8f-bb85-16a1f5474f87,imagem,Violino Stradivarius,Violino clássico de luthier famoso mostrando detalhes da madeira,img/violino/stradivarius.jpg,upload,,,,,iniciante,,[],0,1,true,2026-02-13 18:01:39.533249
835d7d4e-aed8-4928-93da-2c130bc8b071,e48ad87b-d237-45e4-a707-05374c4240fa,3d,Modelo 3D Violino,Modelo tridimensional interativo do violino,models/violino_3d.glb,upload,,,,,iniciante,,[],0,10,false,2026-02-13 18:01:39.533249
8368f8e2-d4b0-485d-977a-63eb00d2dfcc,6b11dc1a-295f-4458-9c08-2bcec09ff3ec,video,Técnica de Vibrato (rep),Demonstração da técnica de vibrato no violino,https://youtube.com/watch?v=violin_vibrato,youtube,,,,tutorial,avancado,,[],0,5,false,2026-02-13 18:01:39.533249
836c6ffd-076c-4e35-94dc-b7c77a5272ef,82052c70-0a9d-4d94-873e-3b402e032f55,imagem,Violino Stradivarius,Violino clássico de luthier famoso mostrando detalhes da madeira,img/violino/stradivarius.jpg,upload,,,,,iniciante,,[],0,1,true,2026-02-13 18:01:39.533249
838218e9-b074-4b50-b89c-50939507273e,df42056c-8a3e-454c-aeca-73b4d608b85c,video,Técnica de Vibrato,Demonstração da técnica de vibrato no violino,https://youtube.com/watch?v=violin_vibrato,youtube,,,,tutorial,avancado,,[],0,5,false,2026-02-13 18:01:39.533249
838c1049-45f6-49ea-9096-2200be04b709,36040329-1aa6-428a-ad39-cd85de03493e,video,Primeiros Passos no Violino,Aula básica de como segurar o violino e o arco,https://youtube.com/watch?v=violin_basics,youtube,,,,tutorial,iniciante,,[],0,4,false,2026-02-13 18:01:39.533249
8393dc72-3f3c-4910-9fcf-03211e5b310c,35aff373-706c-47d8-8004-d8edcddb1e0c,video,Baixo em banda,Performance em banda.,https://www.youtube.com/watch?v=baixo7,youtube,,,,performance,avancado,600,"[""banda"",""baixo""]",0,0,true,2025-06-16 04:38:10.049188
83a49b6c-7e54-489b-bf30-19d1b94afedf,bc665a4e-e301-44d3-b8bf-decb09422d71,imagem,Postura do Violinista,Demonstração da postura correta para tocar violino,img/violino/postura.jpg,upload,,,,,iniciante,,[],0,3,true,2026-02-13 17:57:36.711969
83c3e374-a633-4bc4-b5b6-39d3c9901cd4,36b9d36d-f65b-4ba1-89be-4ab3707e874c,imagem,Sistema de chaves,Detalhe do sistema de chaves.,/midias/fagote/chaves.jpg,upload,,,,tecnica,iniciante,,"[""chaves"",""fagote""]",0,0,true,2025-06-20 02:48:24.932103
83d12d73-0f90-4c1a-9db2-1f1e969912a2,750450cf-e14e-4f02-944e-b3c1bb0f87a4,video,Como Segurar o Violão Corretamente,Demonstração da postura correta para tocar violão,https://youtube.com/watch?v=postura_violao,youtube,,,,tecnica,iniciante,300,"[""postura"",""tecnica"",""basico""]",0,0,true,2025-06-08 01:05:48.886576
83f52b6d-e3fd-4a34-a770-8f38ef752371,11a7bc0c-232f-40dc-92ac-4d15aebd2d52,imagem,Violino Stradivarius,Violino clássico de luthier famoso mostrando detalhes da madeira,img/violino/stradivarius.jpg,upload,,,,,iniciante,,[],0,1,true,2026-02-13 17:57:36.711969
83fa3253-5a28-4b58-8730-d9e5ab2987a5,f8653cdb-e2e7-479a-bfff-c8643859b866,imagem,Postura do Violinista (rep),Demonstração da postura correta para tocar violino,img/violino/postura.jpg,upload,,,,,iniciante,,[],0,3,true,2026-02-13 18:01:39.533249
8430d099-af93-4749-aab0-ee1d67abf5f2,56f643e0-a3e2-4067-84ac-334c454426f8,video,Violino no Jazz (rep),Improvisação jazzística no violino,https://youtube.com/watch?v=jazz_violin,youtube,,,,performance,avancado,,[],0,7,false,2026-02-13 18:01:39.533249
84535739-3b61-4ea0-b1af-8a251931de76,56f643e0-a3e2-4067-84ac-334c454426f8,audio,Capricho Paganini,Capricho nº 24 de Paganini,audio/violino/paganini_caprice.mp3,upload,,,,,avancado,,[],0,9,true,2026-02-13 18:01:39.533249
84764059-700a-4925-89d0-3540f36ca4e2,1f8c0a22-f3fc-4f51-8938-6e1cc6e24f85,audio,Capricho Paganini,Capricho nº 24 de Paganini,audio/violino/paganini_caprice.mp3,upload,,,,,avancado,,[],0,9,true,2026-02-13 18:01:39.533249
84ba759d-0d0b-4dfd-a3d7-2b4cbeace3ef,9edff4db-9ef5-43fc-970a-7d2086de223b,video,Ave Maria - Schubert,Performance clássica da famosa peça,https://youtube.com/watch?v=ave_maria_violin,youtube,,,,performance,intermediario,,[],0,6,true,2026-02-13 17:57:36.711969
84c46ddd-f74a-4861-a6b5-9a3338bec082,64b94e98-6ad2-4e7f-9aa0-b57f6bb58df1,audio,Concerto Tchaikovsky,Primeiro movimento do famoso concerto,audio/violino/tchaikovsky_concerto.mp3,upload,,,,,avancado,,[],0,8,true,2026-02-13 18:01:39.533249
84d59a5b-8b49-49da-8645-3a144cdb0def,b7425269-f2bb-454c-8c61-e3e9d028c9b4,imagem,Postura do Violinista (rep),Demonstração da postura correta para tocar violino,img/violino/postura.jpg,upload,,,,,iniciante,,[],0,3,true,2026-02-13 18:01:39.533249
84dec5da-73e9-4eb0-a62d-a7feba4ba54a,453ca164-6f0e-4554-b008-dd68bf4586c2,3d,Modelo 3D Violino,Modelo tridimensional interativo do violino,models/violino_3d.glb,upload,,,,,iniciante,,[],0,10,true,2026-02-13 18:01:39.533249
84ec8731-aac2-444c-a325-9c4897d070cc,11a7bc0c-232f-40dc-92ac-4d15aebd2d52,imagem,Postura do Violinista,Demonstração da postura correta para tocar violino,img/violino/postura.jpg,upload,,,,,iniciante,,[],0,3,true,2026-02-13 17:57:36.711969
851b9a6b-516d-45a7-b121-d3220d295478,a0f53672-7d87-4ab4-a64f-b551fc1a380d,video,Ave Maria - Schubert,Performance clássica da famosa peça,https://youtube.com/watch?v=ave_maria_violin,youtube,,,,performance,intermediario,,[],0,6,true,2026-02-13 17:57:36.711969
851e7284-f57d-4004-9040-0a216c47208d,df168c2e-275a-44ed-9ee7-af356bf724e5,video,Técnica de Vibrato,Demonstração da técnica de vibrato no violino,https://youtube.com/watch?v=violin_vibrato,youtube,,,,tutorial,avancado,,[],0,5,true,2026-02-13 18:01:39.533249
855838ce-c11a-4f40-9953-6182080abc12,509d6a26-159a-4976-aa46-83f914f930aa,video,Violino no Jazz,Improvisação jazzística no violino,https://youtube.com/watch?v=jazz_violin,youtube,,,,performance,avancado,,[],0,7,false,2026-02-13 18:01:39.533249
858e5341-a2ca-451a-b2f2-700f865f1204,b7425269-f2bb-454c-8c61-e3e9d028c9b4,video,Violino no Jazz,Improvisação jazzística no violino,https://youtube.com/watch?v=jazz_violin,youtube,,,,performance,avancado,,[],0,7,true,2026-02-13 17:57:36.711969
85a440ba-b03b-40eb-8a8b-02d7701d4d75,7b6ae164-dfdf-452d-a5c3-d01554861444,video,Técnica de Vibrato,Demonstração da técnica de vibrato no violino,https://youtube.com/watch?v=violin_vibrato,youtube,,,,tutorial,avancado,,[],0,5,true,2026-02-13 17:57:36.711969
85e4d8d1-abc2-4c6f-84a7-ff2858892dd5,3702e3f9-bc82-42b6-ae32-c770081b3ec2,audio,Concerto Tchaikovsky,Primeiro movimento do famoso concerto,audio/violino/tchaikovsky_concerto.mp3,upload,,,,,avancado,,[],0,8,false,2026-02-13 18:01:39.533249
85eccf9f-bfae-43d8-baa5-09b6ea19a439,64b94e98-6ad2-4e7f-9aa0-b57f6bb58df1,imagem,Anatomia do Violino,Diagrama educativo das partes do violino,img/violino/anatomia.jpg,upload,,,,,iniciante,,[],0,2,false,2026-02-13 18:01:39.533249
85ffcf33-85e4-4b9e-b01d-5a882423f4b9,6b11dc1a-295f-4458-9c08-2bcec09ff3ec,video,Técnica de Vibrato,Demonstração da técnica de vibrato no violino,https://youtube.com/watch?v=violin_vibrato,youtube,,,,tutorial,avancado,,[],0,5,true,2026-02-13 18:01:39.533249
8600f22b-dd30-45a8-89d5-d639ded85930,4d78c5a4-04bf-452d-b326-83e7c72c10ef,video,Ave Maria - Schubert (rep),Performance clássica da famosa peça,https://youtube.com/watch?v=ave_maria_violin,youtube,,,,performance,intermediario,,[],0,6,true,2026-02-13 18:01:39.533249
86321570-e3a4-46a1-9cbb-14bde03834f5,d7c80fe1-ab43-4920-b2aa-d9b4f3ace166,imagem,Clarinete frontal,Foto do clarinete visto de frente,/midias/clarinete/frontal.jpg,upload,,,,tecnica,iniciante,,"[""clarinete"",""foto"",""estrutura""]",0,0,true,2025-06-15 18:40:32.725911
866846a9-2a17-4bb7-a81f-7a2d7393a788,d7c80fe1-ab43-4920-b2aa-d9b4f3ace166,audio,Articulação com língua,Demonstração,/midias/clarinete/artic_lingua.mp3,upload,,,,tecnica,iniciante,60,"[""articulacao"",""clarinete""]",0,0,false,2025-06-15 19:19:49.258132
8672b99c-c0a0-4ae5-9186-498d5ebe01ba,e54b748d-3b1b-48ba-b65e-ec1e476e94ad,imagem,Anatomia do Violino (rep),Diagrama educativo das partes do violino,img/violino/anatomia.jpg,upload,,,,,iniciante,,[],0,2,true,2026-02-13 18:01:39.533249
867b1c4c-66bf-4951-9d6a-97737badb9bd,c75fe646-ff86-4420-98f0-a0f25d39de45,video,Técnica de Vibrato,Demonstração da técnica de vibrato no violino,https://youtube.com/watch?v=violin_vibrato,youtube,,,,tutorial,avancado,,[],0,5,true,2026-02-13 18:01:39.533249
8680d4cf-5eaa-4e6a-b717-8ba45de75eb3,86f83611-c0db-470c-87e7-31ee81b1a009,video,Técnica de Vibrato,Demonstração da técnica de vibrato no violino,https://youtube.com/watch?v=violin_vibrato,youtube,,,,tutorial,avancado,,[],0,5,false,2026-02-13 18:01:39.533249
868758fe-a393-4d7f-b1ff-7466997e95a3,6b11dc1a-295f-4458-9c08-2bcec09ff3ec,imagem,Anatomia do Violino (rep),Diagrama educativo das partes do violino,img/violino/anatomia.jpg,upload,,,,,iniciante,,[],0,2,true,2026-02-13 18:01:39.533249
86ab118a-c38d-475a-91b9-a427b7a851b7,412c40b6-f4fc-4379-9d6f-5ce0ec2d669d,video,Col legno,Demonstração de col legno.,https://www.youtube.com/watch?v=violoncelo10,youtube,,,,tecnica,avancado,150,"[""collegno"",""violoncelo""]",0,0,true,2025-06-15 19:35:06.847648
86b03c82-5aa7-46e5-8ff7-8656fbc5bf4a,bc665a4e-e301-44d3-b8bf-decb09422d71,3d,Modelo 3D Violino (rep),Modelo tridimensional interativo do violino,models/violino_3d.glb,upload,,,,,iniciante,,[],0,10,true,2026-02-13 18:01:39.533249
86b567b3-a0ef-4157-a0ea-0c03385a2b1b,7b6ae164-dfdf-452d-a5c3-d01554861444,video,Primeiros Passos no Violino,Aula básica de como segurar o violino e o arco,https://youtube.com/watch?v=violin_basics,youtube,,,,tutorial,iniciante,,[],0,4,true,2026-02-13 18:01:39.533249
86ff60cd-1581-4883-abb7-7d78d9bd1b74,2abbd218-b737-410e-934b-f9c8f3d2b806,audio,Concerto Tchaikovsky,Primeiro movimento do famoso concerto,audio/violino/tchaikovsky_concerto.mp3,upload,,,,,avancado,,[],0,8,true,2026-02-13 17:57:36.711969
8702ab47-bb86-4c22-9eae-b0e0b4ae2868,509d6a26-159a-4976-aa46-83f914f930aa,imagem,Anatomia do Violino,Diagrama educativo das partes do violino,img/violino/anatomia.jpg,upload,,,,,iniciante,,[],0,2,false,2026-02-13 18:01:39.533249
87229c06-aa9e-4b44-94a4-755fd974e5a4,a0f53672-7d87-4ab4-a64f-b551fc1a380d,3d,Modelo 3D Violino,Modelo tridimensional interativo do violino,models/violino_3d.glb,upload,,,,,iniciante,,[],0,10,true,2026-02-13 17:57:36.711969
87243a7d-d99b-495e-878a-a484be597999,492f792b-8d0c-46b7-a195-c8c32114696d,imagem,Postura do Violinista (rep),Demonstração da postura correta para tocar violino,img/violino/postura.jpg,upload,,,,,iniciante,,[],0,3,true,2026-02-13 18:01:39.533249
8780c553-028b-4d0b-80b8-b061cc4c3d82,6b11dc1a-295f-4458-9c08-2bcec09ff3ec,video,Ave Maria - Schubert,Performance clássica da famosa peça,https://youtube.com/watch?v=ave_maria_violin,youtube,,,,performance,intermediario,,[],0,6,true,2026-02-13 17:57:36.711969
8783192d-355a-4382-890c-bd4c5f1bd7e7,850c53c4-2ed6-4a12-a4ff-3fbaecd6bf73,audio,Harmônicos,Exemplo harmônicos.,/midias/trombone/harmonicos.mp3,upload,,,,tecnica,intermediario,60,"[""harmonicos"",""trombone""]",0,0,true,2025-06-20 13:43:29.669569
879a7888-7188-4bfe-80b1-5ee80ecf91a4,ac116dcb-4fd4-4ef6-b6fb-f4ff1287bf68,3d,Modelo 3D Violino,Modelo tridimensional interativo do violino,models/violino_3d.glb,upload,,,,,iniciante,,[],0,10,true,2026-02-13 18:01:39.533249
87b8873d-cf7c-4a93-a27a-c780b9605b71,453ca164-6f0e-4554-b008-dd68bf4586c2,imagem,Postura do Violinista (rep),Demonstração da postura correta para tocar violino,img/violino/postura.jpg,upload,,,,,iniciante,,[],0,3,true,2026-02-13 18:01:39.533249
87d8c43e-2ee8-4d7a-963b-abd641207103,e54b748d-3b1b-48ba-b65e-ec1e476e94ad,imagem,Anatomia do Violino,Diagrama educativo das partes do violino,img/violino/anatomia.jpg,upload,,,,,iniciante,,[],0,2,true,2026-02-13 17:57:36.711969
87ee6bce-2ad2-4075-ba75-faf9429d3e1a,4bc1c064-fa97-43f5-b6d7-d466ca66635d,3d,Modelo 3D Violino,Modelo tridimensional interativo do violino,models/violino_3d.glb,upload,,,,,iniciante,,[],0,10,true,2026-02-13 18:01:39.533249
88068bf5-c6c9-4b37-86c1-f9fb60cf46c1,453ca164-6f0e-4554-b008-dd68bf4586c2,imagem,Anatomia do Violino,Diagrama educativo das partes do violino,img/violino/anatomia.jpg,upload,,,,,iniciante,,[],0,2,true,2026-02-13 17:57:36.711969
88228573-57b1-4b76-a4e6-7548c8cbeebb,0e52514e-58c3-463a-a6e4-f71a1439f9b7,video,Violino no Jazz (rep),Improvisação jazzística no violino,https://youtube.com/watch?v=jazz_violin,youtube,,,,performance,avancado,,[],0,7,true,2026-02-13 18:01:39.533249
886760ae-a58c-4be2-b660-e59d9d284590,7b6ae164-dfdf-452d-a5c3-d01554861444,imagem,Postura do Violinista,Demonstração da postura correta para tocar violino,img/violino/postura.jpg,upload,,,,,iniciante,,[],0,3,true,2026-02-13 18:01:39.533249
88b7d48e-e009-4d64-8836-a6654a270583,492f792b-8d0c-46b7-a195-c8c32114696d,audio,Capricho Paganini,Capricho nº 24 de Paganini,audio/violino/paganini_caprice.mp3,upload,,,,,avancado,,[],0,9,true,2026-02-13 17:57:36.711969
88cd7a60-79d0-4315-8e06-1b2d6ad53753,174f6ed4-3c21-444a-acfa-5149f53f2ca0,imagem,Postura do Violinista (rep),Demonstração da postura correta para tocar violino,img/violino/postura.jpg,upload,,,,,iniciante,,[],0,3,true,2026-02-13 18:01:39.533249
88d2582d-f4a0-430d-9b58-1b5c1939fdbd,e48ad87b-d237-45e4-a707-05374c4240fa,imagem,Postura do Violinista,Demonstração da postura correta para tocar violino,img/violino/postura.jpg,upload,,,,,iniciante,,[],0,3,true,2026-02-13 18:01:39.533249
88d4d2dc-f3cb-435f-ba25-236bccfa757e,9b42a23b-ac7f-42e1-8a04-bde4c525fbde,audio,Harmônicos,Exemplo harmônicos.,/midias/oboe/harmonicos.mp3,upload,,,,tecnica,intermediario,60,"[""harmonicos"",""oboe""]",0,0,true,2025-06-20 05:15:55.927047
890937e6-0b51-4221-970c-b804d1010e7b,cca87ab1-8ad4-4876-a8d8-190f85927952,3d,Modelo 3D Violino,Modelo tridimensional interativo do violino,models/violino_3d.glb,upload,,,,,iniciante,,[],0,10,true,2026-02-13 18:01:39.533249
892621c4-b80f-4bdf-812d-53d5b50a0091,1b699036-0f72-4c48-9801-e01f6f25e165,imagem,Postura do Violinista,Demonstração da postura correta para tocar violino,img/violino/postura.jpg,upload,,,,,iniciante,,[],0,3,true,2026-02-13 18:01:39.533249
8934f6f1-60e8-4c4b-bd4f-7f65756465b7,4c61dc18-2b1e-48c8-8a2e-2c730679d4a5,imagem,Postura do Violinista (rep),Demonstração da postura correta para tocar violino,img/violino/postura.jpg,upload,,,,,iniciante,,[],0,3,false,2026-02-13 18:01:39.533249
89380cb2-c09a-4f78-827b-f0905ae30350,32705505-7727-4d27-b7bd-b08e7c90c233,video,Violino no Jazz (rep),Improvisação jazzística no violino,https://youtube.com/watch?v=jazz_violin,youtube,,,,performance,avancado,,[],0,7,false,2026-02-13 18:01:39.533249
893f02ea-330d-42a3-84b4-005ac54bbecf,6b11dc1a-295f-4458-9c08-2bcec09ff3ec,video,Violino no Jazz,Improvisação jazzística no violino,https://youtube.com/watch?v=jazz_violin,youtube,,,,performance,avancado,,[],0,7,true,2026-02-13 18:01:39.533249
8941f8a7-d6f2-4ae6-acb1-7859b8102936,0e52514e-58c3-463a-a6e4-f71a1439f9b7,imagem,Anatomia do Violino,Diagrama educativo das partes do violino,img/violino/anatomia.jpg,upload,,,,,iniciante,,[],0,2,false,2026-02-13 18:01:39.533249
8948feb1-9f74-4e57-9597-13edab33ee2a,bc665a4e-e301-44d3-b8bf-decb09422d71,imagem,Postura do Violinista (rep),Demonstração da postura correta para tocar violino,img/violino/postura.jpg,upload,,,,,iniciante,,[],0,3,true,2026-02-13 18:01:39.533249
8965dfaa-0ff9-4ab6-8860-f228d1ed58a8,d7c80fe1-ab43-4920-b2aa-d9b4f3ace166,video,Escala de Dó maior,Execução correta da escala,https://www.youtube.com/watch?v=clarinete4,youtube,,,,tecnica,iniciante,120,"[""escala"",""clarinete""]",0,0,true,2025-06-15 19:19:49.258132
896b08e4-104e-4d1a-98fd-e62483f0a1f4,8ddb4eea-18b9-4b8f-bb85-16a1f5474f87,video,Ave Maria - Schubert,Performance clássica da famosa peça,https://youtube.com/watch?v=ave_maria_violin,youtube,,,,performance,intermediario,,[],0,6,false,2026-02-13 18:01:39.533249
898720ce-7e76-40fa-a339-2803710a3a7f,f8653cdb-e2e7-479a-bfff-c8643859b866,imagem,Anatomia do Violino,Diagrama educativo das partes do violino,img/violino/anatomia.jpg,upload,,,,,iniciante,,[],0,2,false,2026-02-13 18:01:39.533249
898e83d9-67c8-49a8-852c-2ce79001a171,6925f61b-ba48-473a-b69a-e3548036c1df,video,Violino no Jazz,Improvisação jazzística no violino,https://youtube.com/watch?v=jazz_violin,youtube,,,,performance,avancado,,[],0,7,true,2026-02-13 17:57:36.711969
898e8e7a-36ce-4951-9789-01a095fa8503,36040329-1aa6-428a-ad39-cd85de03493e,video,Técnica de Vibrato (rep),Demonstração da técnica de vibrato no violino,https://youtube.com/watch?v=violin_vibrato,youtube,,,,tutorial,avancado,,[],0,5,true,2026-02-13 18:01:39.533249
89da4da7-fa2e-459f-9141-77f1c4f35a41,9c3a903d-8750-4ded-9341-c876a6d6de93,video,Violino no Jazz,Improvisação jazzística no violino,https://youtube.com/watch?v=jazz_violin,youtube,,,,performance,avancado,,[],0,7,true,2026-02-13 18:01:39.533249
89de311a-13b9-4461-b555-03ece4461fb3,4bc1c064-fa97-43f5-b6d7-d466ca66635d,video,Violino no Jazz,Improvisação jazzística no violino,https://youtube.com/watch?v=jazz_violin,youtube,,,,performance,avancado,,[],0,7,true,2026-02-13 18:01:39.533249
89e03a26-83ca-4331-8929-b4181301e20e,7b6ae164-dfdf-452d-a5c3-d01554861444,imagem,Violino Stradivarius,Violino clássico de luthier famoso mostrando detalhes da madeira,img/violino/stradivarius.jpg,upload,,,,,iniciante,,[],0,1,true,2026-02-13 18:01:39.533249
89fbcbc6-bc49-4d51-8f8d-839ac863ca3b,1b699036-0f72-4c48-9801-e01f6f25e165,video,Primeiros Passos no Violino,Aula básica de como segurar o violino e o arco,https://youtube.com/watch?v=violin_basics,youtube,,,,tutorial,iniciante,,[],0,4,true,2026-02-13 18:01:39.533249
8a259295-3e77-4128-ba08-c248e7c47b75,9a5e0eac-114e-4173-90af-32b55c870675,audio,Capricho Paganini,Capricho nº 24 de Paganini,audio/violino/paganini_caprice.mp3,upload,,,,,avancado,,[],0,9,true,2026-02-13 18:01:39.533249
8a349291-5470-455b-8580-24c71cdae27e,bc665a4e-e301-44d3-b8bf-decb09422d71,imagem,Violino Stradivarius,Violino clássico de luthier famoso mostrando detalhes da madeira,img/violino/stradivarius.jpg,upload,,,,,iniciante,,[],0,1,true,2026-02-13 17:57:36.711969
8a34aa2d-0ef6-41fd-aa6b-8dca8a069a71,6b11dc1a-295f-4458-9c08-2bcec09ff3ec,imagem,Anatomia do Violino,Diagrama educativo das partes do violino,img/violino/anatomia.jpg,upload,,,,,iniciante,,[],0,2,true,2026-02-13 18:01:39.533249
8a494647-002b-4acb-a173-baf51d357b4c,bc665a4e-e301-44d3-b8bf-decb09422d71,imagem,Postura do Violinista,Demonstração da postura correta para tocar violino,img/violino/postura.jpg,upload,,,,,iniciante,,[],0,3,true,2026-02-13 18:01:39.533249
8a912cc4-340f-4aaf-b81e-9f565e8e03dc,0b9c8c6b-0e47-471c-b83b-01c931410692,imagem,Violino Stradivarius,Violino clássico de luthier famoso mostrando detalhes da madeira,img/violino/stradivarius.jpg,upload,,,,,iniciante,,[],0,1,true,2026-02-13 18:01:39.533249
8a950ac1-f6f6-41bc-8858-822bd9681a56,492f792b-8d0c-46b7-a195-c8c32114696d,audio,Capricho Paganini,Capricho nº 24 de Paganini,audio/violino/paganini_caprice.mp3,upload,,,,,avancado,,[],0,9,false,2026-02-13 18:01:39.533249
8aa8571a-3f3b-4fd3-8727-22fd64fa5f23,35aff373-706c-47d8-8004-d8edcddb1e0c,video,Baixo solo,Apresentação solo.,https://www.youtube.com/watch?v=baixo9,youtube,,,,performance,avancado,300,"[""solo"",""baixo""]",0,0,true,2025-06-16 04:38:10.049188
8ae444a7-ed4f-4d5e-8581-c22ad2f32d10,492f792b-8d0c-46b7-a195-c8c32114696d,imagem,Postura do Violinista,Demonstração da postura correta para tocar violino,img/violino/postura.jpg,upload,,,,,iniciante,,[],0,3,false,2026-02-13 18:01:39.533249
8af2eba8-98fe-4ba7-855f-5309f173ff39,32705505-7727-4d27-b7bd-b08e7c90c233,imagem,Anatomia do Violino,Diagrama educativo das partes do violino,img/violino/anatomia.jpg,upload,,,,,iniciante,,[],0,2,true,2026-02-13 17:57:36.711969
8b168a1d-19ba-4d8a-bb6a-938aaf573a84,35da6877-2528-4f37-9ab4-b44893ad1dbf,imagem,Postura do Violinista,Demonstração da postura correta para tocar violino,img/violino/postura.jpg,upload,,,,,iniciante,,[],0,3,true,2026-02-13 17:57:36.711969
8b1b6ebf-d9c7-476c-8ae0-258be7dbb338,96b547b5-e685-40f8-952c-9dfce2ad4dc6,video,Ave Maria - Schubert (rep),Performance clássica da famosa peça,https://youtube.com/watch?v=ave_maria_violin,youtube,,,,performance,intermediario,,[],0,6,true,2026-02-13 18:01:39.533249
8b26b12d-79e4-443d-a7af-78f55ca1207c,35aff373-706c-47d8-8004-d8edcddb1e0c,video,Slap básico,Iniciação ao slap.,https://www.youtube.com/watch?v=baixo3,youtube,,,,tecnica,iniciante,180,"[""slap"",""baixo""]",0,0,true,2025-06-16 04:38:10.049188
8b3b28ac-c6f7-4d4d-966e-15f6ae06e320,c75fe646-ff86-4420-98f0-a0f25d39de45,3d,Modelo 3D Violino (rep),Modelo tridimensional interativo do violino,models/violino_3d.glb,upload,,,,,iniciante,,[],0,10,false,2026-02-13 18:01:39.533249
8b3f360c-8156-4831-843e-7049e5cd5b11,bee0f63a-e248-4f2c-9325-0a23cb3c5a8e,video,Ave Maria - Schubert,Performance clássica da famosa peça,https://youtube.com/watch?v=ave_maria_violin,youtube,,,,performance,intermediario,,[],0,6,false,2026-02-13 18:01:39.533249
8b439015-18b5-4254-84f5-7d50e9b1ae93,9b42a23b-ac7f-42e1-8a04-bde4c525fbde,audio,Staccato,Execução staccato.,/midias/oboe/staccato.mp3,upload,,,,tecnica,iniciante,60,"[""staccato"",""oboe""]",0,0,true,2025-06-20 05:15:55.927047
8b551832-1b8e-4ca6-997e-2d762ff3fe10,26cadf44-6d7b-4f9b-85d6-6b2c40715f45,imagem,Saxofone antigo,Imagem de saxofone histórico.,/midias/saxofone/antigo.jpg,upload,,,,historia,avancado,,"[""historia"",""saxofone""]",0,0,false,2025-06-16 00:57:47.581967
8b555226-e6bb-4c57-be35-ce1ce8b21c26,ee709f67-e4e4-4f9c-9001-7574e4d8dfa0,imagem,Anatomia do Violino,Diagrama educativo das partes do violino,img/violino/anatomia.jpg,upload,,,,,iniciante,,[],0,2,false,2026-02-13 18:01:39.533249
8b8a450e-b9bb-40d1-a3f5-0cb3cafc5a11,56e32061-7ed6-495d-9bc1-00cdb345b02e,audio,Concerto Tchaikovsky,Primeiro movimento do famoso concerto,audio/violino/tchaikovsky_concerto.mp3,upload,,,,,avancado,,[],0,8,true,2026-02-13 18:01:39.533249
8b8a4b53-304d-4610-9097-afb36d08e30b,ac116dcb-4fd4-4ef6-b6fb-f4ff1287bf68,imagem,Violino Stradivarius,Violino clássico de luthier famoso mostrando detalhes da madeira,img/violino/stradivarius.jpg,upload,,,,,iniciante,,[],0,1,true,2026-02-13 18:01:39.533249
8bad01cf-dbaf-4693-a644-68a7c2e8b342,63ebeaeb-be5d-4c26-a5cf-f59b71423401,audio,Concerto Tchaikovsky (rep),Primeiro movimento do famoso concerto,audio/violino/tchaikovsky_concerto.mp3,upload,,,,,avancado,,[],0,8,false,2026-02-13 18:01:39.533249
8bc9f86e-c5de-4329-b92e-c6514422b666,b7425269-f2bb-454c-8c61-e3e9d028c9b4,video,Violino no Jazz (rep),Improvisação jazzística no violino,https://youtube.com/watch?v=jazz_violin,youtube,,,,performance,avancado,,[],0,7,true,2026-02-13 18:01:39.533249
8bdf262b-2f9e-47b9-858f-92247d81f660,761a3318-9a5e-46f3-88f2-62159b96100c,audio,Capricho Paganini,Capricho nº 24 de Paganini,audio/violino/paganini_caprice.mp3,upload,,,,,avancado,,[],0,9,false,2026-02-13 18:01:39.533249
8beae93a-2e30-4c08-bbf8-b9acb9233ac8,4c61dc18-2b1e-48c8-8a2e-2c730679d4a5,imagem,Anatomia do Violino (rep),Diagrama educativo das partes do violino,img/violino/anatomia.jpg,upload,,,,,iniciante,,[],0,2,false,2026-02-13 18:01:39.533249
8beb17de-0e89-4b38-ba58-9247c61888f6,3957c464-86dc-4aa2-9f09-57b5eb2a6c6a,video,Primeiros Passos no Violino,Aula básica de como segurar o violino e o arco,https://youtube.com/watch?v=violin_basics,youtube,,,,tutorial,iniciante,,[],0,4,true,2026-02-13 18:01:39.533249
8c1c9ae3-cec2-4b36-8a34-10f22bc97c11,4445b5c9-dcdf-4dd3-8ce6-bb04a22127ce,video,Técnica de Vibrato (rep),Demonstração da técnica de vibrato no violino,https://youtube.com/watch?v=violin_vibrato,youtube,,,,tutorial,avancado,,[],0,5,false,2026-02-13 18:01:39.533249
8c1e2399-5617-452d-996b-9b74ac4a750f,a0f53672-7d87-4ab4-a64f-b551fc1a380d,imagem,Postura do Violinista,Demonstração da postura correta para tocar violino,img/violino/postura.jpg,upload,,,,,iniciante,,[],0,3,true,2026-02-13 18:01:39.533249
8c21f173-e6b5-4987-9aef-d40cc85444a5,4bc1c064-fa97-43f5-b6d7-d466ca66635d,video,Técnica de Vibrato,Demonstração da técnica de vibrato no violino,https://youtube.com/watch?v=violin_vibrato,youtube,,,,tutorial,avancado,,[],0,5,true,2026-02-13 17:57:36.711969
8c46ffce-03f3-4b04-93bb-b233cfafb782,c75fe646-ff86-4420-98f0-a0f25d39de45,video,Ave Maria - Schubert (rep),Performance clássica da famosa peça,https://youtube.com/watch?v=ave_maria_violin,youtube,,,,performance,intermediario,,[],0,6,false,2026-02-13 18:01:39.533249
8ca7e7d7-60c6-473c-bd68-d7367de4837f,453ca164-6f0e-4554-b008-dd68bf4586c2,imagem,Violino Stradivarius (rep),Violino clássico de luthier famoso mostrando detalhes da madeira,img/violino/stradivarius.jpg,upload,,,,,iniciante,,[],0,1,false,2026-02-13 18:01:39.533249
8d047097-a208-4b89-a800-9531d497edbf,57d10b2f-c49f-460d-8fab-3da3065c15c2,video,Ave Maria - Schubert (rep),Performance clássica da famosa peça,https://youtube.com/watch?v=ave_maria_violin,youtube,,,,performance,intermediario,,[],0,6,true,2026-02-13 18:01:39.533249
8d0db579-e084-45d4-9735-be5a20c95d5b,ee709f67-e4e4-4f9c-9001-7574e4d8dfa0,imagem,Anatomia do Violino (rep),Diagrama educativo das partes do violino,img/violino/anatomia.jpg,upload,,,,,iniciante,,[],0,2,true,2026-02-13 18:01:39.533249
8d17cbf2-00ac-41c3-8711-6e4761db339f,794f42a6-619a-4ca3-8f1b-c3ac7a9e7a08,video,Legato na flauta,Execução suave de notas.,https://www.youtube.com/watch?v=flauta3,youtube,,,,tecnica,iniciante,180,"[""legato"",""flauta""]",0,0,true,2025-06-15 19:42:58.828009
8d512557-2f02-4160-a4da-36af48c9b9a2,6925f61b-ba48-473a-b69a-e3548036c1df,audio,Concerto Tchaikovsky (rep),Primeiro movimento do famoso concerto,audio/violino/tchaikovsky_concerto.mp3,upload,,,,,avancado,,[],0,8,true,2026-02-13 18:01:39.533249
8d513a42-35e8-45b4-89ff-d98cddd2309f,6925f61b-ba48-473a-b69a-e3548036c1df,video,Técnica de Vibrato,Demonstração da técnica de vibrato no violino,https://youtube.com/watch?v=violin_vibrato,youtube,,,,tutorial,avancado,,[],0,5,false,2026-02-13 18:01:39.533249
8d546c7d-ca0a-42ce-a928-7e363653e768,ac116dcb-4fd4-4ef6-b6fb-f4ff1287bf68,video,Ave Maria - Schubert,Performance clássica da famosa peça,https://youtube.com/watch?v=ave_maria_violin,youtube,,,,performance,intermediario,,[],0,6,true,2026-02-13 18:01:39.533249
8d76a48f-b440-43c9-b592-054a6ea64923,ee709f67-e4e4-4f9c-9001-7574e4d8dfa0,video,Ave Maria - Schubert,Performance clássica da famosa peça,https://youtube.com/watch?v=ave_maria_violin,youtube,,,,performance,intermediario,,[],0,6,false,2026-02-13 18:01:39.533249
8d9758d0-8fc3-47fa-a93a-8bc9b1b9f00d,df42056c-8a3e-454c-aeca-73b4d608b85c,3d,Modelo 3D Violino,Modelo tridimensional interativo do violino,models/violino_3d.glb,upload,,,,,iniciante,,[],0,10,false,2026-02-13 18:01:39.533249
8da7e982-4817-43d4-9ecd-ad513c4a0ed2,8fbba87d-39e1-4542-b8bb-7c815fdc2b9a,video,Técnica de Vibrato,Demonstração da técnica de vibrato no violino,https://youtube.com/watch?v=violin_vibrato,youtube,,,,tutorial,avancado,,[],0,5,true,2026-02-13 17:57:36.711969
8df21ca7-3b99-4a58-b2ff-2b95c7cced3d,56f643e0-a3e2-4067-84ac-334c454426f8,video,Ave Maria - Schubert,Performance clássica da famosa peça,https://youtube.com/watch?v=ave_maria_violin,youtube,,,,performance,intermediario,,[],0,6,true,2026-02-13 18:01:39.533249
8e01b365-c365-40ec-a218-deef3804f554,13912e91-7b48-4a8d-82b7-b59515c2a0d3,audio,Capricho Paganini,Capricho nº 24 de Paganini,audio/violino/paganini_caprice.mp3,upload,,,,,avancado,,[],0,9,true,2026-02-13 17:57:36.711969
8e10b009-ffc5-4438-9ef0-612872c22b53,453ca164-6f0e-4554-b008-dd68bf4586c2,audio,Capricho Paganini,Capricho nº 24 de Paganini,audio/violino/paganini_caprice.mp3,upload,,,,,avancado,,[],0,9,true,2026-02-13 17:57:36.711969
8e2d5474-7130-4e4d-aee8-8f13191cbae5,cca87ab1-8ad4-4876-a8d8-190f85927952,imagem,Violino Stradivarius,Violino clássico de luthier famoso mostrando detalhes da madeira,img/violino/stradivarius.jpg,upload,,,,,iniciante,,[],0,1,true,2026-02-13 17:57:36.711969
8e907f33-3f96-42f9-bbed-f1bd46684131,174f6ed4-3c21-444a-acfa-5149f53f2ca0,video,Violino no Jazz,Improvisação jazzística no violino,https://youtube.com/watch?v=jazz_violin,youtube,,,,performance,avancado,,[],0,7,false,2026-02-13 18:01:39.533249
8ead7d36-d130-4ea9-8cf4-cdf3659abe04,82052c70-0a9d-4d94-873e-3b402e032f55,imagem,Anatomia do Violino,Diagrama educativo das partes do violino,img/violino/anatomia.jpg,upload,,,,,iniciante,,[],0,2,true,2026-02-13 17:57:36.711969
8eb8a717-2cb4-49bd-b928-cc8d8f4a15df,850c53c4-2ed6-4a12-a4ff-3fbaecd6bf73,audio,Legato,Execução legato.,/midias/trombone/legato.mp3,upload,,,,tecnica,iniciante,60,"[""legato"",""trombone""]",0,0,true,2025-06-20 13:43:29.669569
8eec65b1-ae73-45c2-b5a7-b379db2e01e7,80436b4f-15c1-452f-9442-34e42b5117e4,video,Primeiros Passos no Violino,Aula básica de como segurar o violino e o arco,https://youtube.com/watch?v=violin_basics,youtube,,,,tutorial,iniciante,,[],0,4,true,2025-06-09 03:41:34.794455
8f0d348e-4c60-41ac-b4d0-7cbc7902744a,4d78c5a4-04bf-452d-b326-83e7c72c10ef,video,Violino no Jazz,Improvisação jazzística no violino,https://youtube.com/watch?v=jazz_violin,youtube,,,,performance,avancado,,[],0,7,false,2026-02-13 18:01:39.533249
8f1b7052-6d7a-41c5-a467-87ac0cad81b7,d7c80fe1-ab43-4920-b2aa-d9b4f3ace166,video,Clarinete e orquestra,Concerto completo,https://www.youtube.com/watch?v=clarinete6,youtube,,,,performance,avancado,600,"[""orquestra"",""clarinete""]",0,0,true,2025-06-15 19:19:49.258132
8f470686-f878-4ab3-b3fb-9a0bc21ef891,4bc1c064-fa97-43f5-b6d7-d466ca66635d,imagem,Anatomia do Violino,Diagrama educativo das partes do violino,img/violino/anatomia.jpg,upload,,,,,iniciante,,[],0,2,true,2026-02-13 17:57:36.711969
8f4f2aed-63a5-4526-b864-09b5fde89c1c,e48ad87b-d237-45e4-a707-05374c4240fa,imagem,Postura do Violinista,Demonstração da postura correta para tocar violino,img/violino/postura.jpg,upload,,,,,iniciante,,[],0,3,true,2026-02-13 17:57:36.711969
8f5801aa-4b52-4c9d-8c49-72b4fa45b0cf,8ddb4eea-18b9-4b8f-bb85-16a1f5474f87,video,Violino no Jazz,Improvisação jazzística no violino,https://youtube.com/watch?v=jazz_violin,youtube,,,,performance,avancado,,[],0,7,false,2026-02-13 18:01:39.533249
8f71b654-17b0-4fe9-aa8e-b9ebf85f711b,ee709f67-e4e4-4f9c-9001-7574e4d8dfa0,video,Ave Maria - Schubert,Performance clássica da famosa peça,https://youtube.com/watch?v=ave_maria_violin,youtube,,,,performance,intermediario,,[],0,6,true,2026-02-13 17:57:36.711969
8f95b485-e4a4-4e97-863a-84d1c136f47d,86f83611-c0db-470c-87e7-31ee81b1a009,audio,Capricho Paganini,Capricho nº 24 de Paganini,audio/violino/paganini_caprice.mp3,upload,,,,,avancado,,[],0,9,false,2026-02-13 18:01:39.533249
8fefa576-0453-413a-8fcd-1f005ea7c748,4d78c5a4-04bf-452d-b326-83e7c72c10ef,imagem,Postura do Violinista,Demonstração da postura correta para tocar violino,img/violino/postura.jpg,upload,,,,,iniciante,,[],0,3,true,2026-02-13 18:01:39.533249
90045713-175c-4dd8-b5d5-63090ebc7967,34f9e29b-3d22-464a-b31c-c3f4fbb73328,video,Violino no Jazz,Improvisação jazzística no violino,https://youtube.com/watch?v=jazz_violin,youtube,,,,performance,avancado,,[],0,7,true,2026-02-13 18:01:39.533249
900df5ba-6599-4a05-9e74-b40dc82b6a49,3702e3f9-bc82-42b6-ae32-c770081b3ec2,3d,Modelo 3D Violino,Modelo tridimensional interativo do violino,models/violino_3d.glb,upload,,,,,iniciante,,[],0,10,true,2026-02-13 17:57:36.711969
90130d01-76c2-4847-bd03-894270cc4a4d,fb125188-c48e-4d89-a46e-11c3b600dabd,audio,Concerto Tchaikovsky,Primeiro movimento do famoso concerto,audio/violino/tchaikovsky_concerto.mp3,upload,,,,,avancado,,[],0,8,true,2026-02-13 18:01:39.533249
901607f9-5006-4cc6-a4c9-0b9cf1540106,df168c2e-275a-44ed-9ee7-af356bf724e5,audio,Concerto Tchaikovsky,Primeiro movimento do famoso concerto,audio/violino/tchaikovsky_concerto.mp3,upload,,,,,avancado,,[],0,8,true,2026-02-13 18:01:39.533249
9021e73c-74b5-4277-90be-c4ee18dedd2e,8fbba87d-39e1-4542-b8bb-7c815fdc2b9a,3d,Modelo 3D Violino,Modelo tridimensional interativo do violino,models/violino_3d.glb,upload,,,,,iniciante,,[],0,10,true,2026-02-13 18:01:39.533249
90439928-92e8-4fac-a69e-7241d7973d91,c75fe646-ff86-4420-98f0-a0f25d39de45,video,Técnica de Vibrato (rep),Demonstração da técnica de vibrato no violino,https://youtube.com/watch?v=violin_vibrato,youtube,,,,tutorial,avancado,,[],0,5,false,2026-02-13 18:01:39.533249
907c065c-cdc6-462e-8af0-4299476d4a19,b7425269-f2bb-454c-8c61-e3e9d028c9b4,video,Técnica de Vibrato (rep),Demonstração da técnica de vibrato no violino,https://youtube.com/watch?v=violin_vibrato,youtube,,,,tutorial,avancado,,[],0,5,true,2026-02-13 18:01:39.533249
907df480-3293-461d-8272-3f2875c0965d,174f6ed4-3c21-444a-acfa-5149f53f2ca0,imagem,Anatomia do Violino,Diagrama educativo das partes do violino,img/violino/anatomia.jpg,upload,,,,,iniciante,,[],0,2,true,2026-02-13 17:57:36.711969
907eab29-0bfd-47b3-9637-28a8e16f1dfe,92ecdeff-3480-4f27-85cd-86f12622cf9f,audio,Concerto Tchaikovsky,Primeiro movimento do famoso concerto,audio/violino/tchaikovsky_concerto.mp3,upload,,,,,avancado,,[],0,8,true,2026-02-13 18:01:39.533249
90bc4f99-efd7-4c3a-95d9-e88efc1bac73,8ddb4eea-18b9-4b8f-bb85-16a1f5474f87,video,Ave Maria - Schubert,Performance clássica da famosa peça,https://youtube.com/watch?v=ave_maria_violin,youtube,,,,performance,intermediario,,[],0,6,true,2026-02-13 18:01:39.533249
90c444b7-446f-4f83-a0df-7d7495fe204d,9c3a903d-8750-4ded-9341-c876a6d6de93,audio,Concerto Tchaikovsky,Primeiro movimento do famoso concerto,audio/violino/tchaikovsky_concerto.mp3,upload,,,,,avancado,,[],0,8,true,2026-02-13 18:01:39.533249
90e00303-b60d-4d98-87bf-583452c99c47,1b699036-0f72-4c48-9801-e01f6f25e165,video,Violino no Jazz,Improvisação jazzística no violino,https://youtube.com/watch?v=jazz_violin,youtube,,,,performance,avancado,,[],0,7,true,2026-02-13 17:57:36.711969
910547fc-2e85-4b2c-9cf9-372b91de84b1,2abbd218-b737-410e-934b-f9c8f3d2b806,video,Violino no Jazz,Improvisação jazzística no violino,https://youtube.com/watch?v=jazz_violin,youtube,,,,performance,avancado,,[],0,7,true,2026-02-13 18:01:39.533249
9105b172-9f49-4f64-8d03-6e9c7ecbe04d,13912e91-7b48-4a8d-82b7-b59515c2a0d3,3d,Modelo 3D Violino,Modelo tridimensional interativo do violino,models/violino_3d.glb,upload,,,,,iniciante,,[],0,10,true,2026-02-13 18:01:39.533249
91091773-1382-4866-9543-5838004c65a9,1b699036-0f72-4c48-9801-e01f6f25e165,audio,Capricho Paganini (rep),Capricho nº 24 de Paganini,audio/violino/paganini_caprice.mp3,upload,,,,,avancado,,[],0,9,false,2026-02-13 18:01:39.533249
912ba64d-2a15-4ad6-a78a-6a72fa8a94a2,4bc1c064-fa97-43f5-b6d7-d466ca66635d,audio,Concerto Tchaikovsky,Primeiro movimento do famoso concerto,audio/violino/tchaikovsky_concerto.mp3,upload,,,,,avancado,,[],0,8,false,2026-02-13 18:01:39.533249
912cea9e-eacd-45fc-b924-4f0496cfb6c3,f8653cdb-e2e7-479a-bfff-c8643859b866,audio,Capricho Paganini,Capricho nº 24 de Paganini,audio/violino/paganini_caprice.mp3,upload,,,,,avancado,,[],0,9,false,2026-02-13 18:01:39.533249
913b470f-f561-4c3e-bb5a-31750a93d833,cca87ab1-8ad4-4876-a8d8-190f85927952,audio,Capricho Paganini,Capricho nº 24 de Paganini,audio/violino/paganini_caprice.mp3,upload,,,,,avancado,,[],0,9,false,2026-02-13 18:01:39.533249
9150d138-24af-4ec7-85fa-c06ce78447ac,64b94e98-6ad2-4e7f-9aa0-b57f6bb58df1,imagem,Violino Stradivarius,Violino clássico de luthier famoso mostrando detalhes da madeira,img/violino/stradivarius.jpg,upload,,,,,iniciante,,[],0,1,false,2026-02-13 18:01:39.533249
917aa33c-53ca-4cdf-854d-5ad5db1267c0,86f83611-c0db-470c-87e7-31ee81b1a009,audio,Concerto Tchaikovsky,Primeiro movimento do famoso concerto,audio/violino/tchaikovsky_concerto.mp3,upload,,,,,avancado,,[],0,8,false,2026-02-13 18:01:39.533249
91964d4c-2e56-4391-89fc-dd9ac4ac9a9c,63ebeaeb-be5d-4c26-a5cf-f59b71423401,video,Ave Maria - Schubert,Performance clássica da famosa peça,https://youtube.com/watch?v=ave_maria_violin,youtube,,,,performance,intermediario,,[],0,6,true,2026-02-13 18:01:39.533249
919d2dde-191a-4413-a953-d71369c63854,32705505-7727-4d27-b7bd-b08e7c90c233,3d,Modelo 3D Violino,Modelo tridimensional interativo do violino,models/violino_3d.glb,upload,,,,,iniciante,,[],0,10,true,2026-02-13 17:57:36.711969
919f747c-ddf9-4593-a983-b1f7e8910c4f,ab9720a5-1973-484e-9a44-d4aa62594336,imagem,Piano de Cauda Steinway,Piano de concerto Steinway & Sons modelo D,/images/piano/steinway_cauda.jpg,upload,,,,demonstracao,iniciante,,"[""steinway"",""cauda"",""concerto""]",0,0,true,2025-06-08 15:18:29.330868
91baeafc-e635-446c-9924-a7a0a7ebff4e,850c53c4-2ed6-4a12-a4ff-3fbaecd6bf73,video,Expressão musical,Expressividade no trombone.,https://www.youtube.com/watch?v=trombone10,youtube,,,,tecnica,intermediario,240,"[""expressao"",""trombone""]",0,0,true,2025-06-20 13:43:29.669569
91c0d66e-102f-48dc-84b1-3d81c0e688ac,87ee66bf-bb70-4e70-9aa3-4bff514ced4e,imagem,Anatomia do Violino,Diagrama educativo das partes do violino,img/violino/anatomia.jpg,upload,,,,,iniciante,,[],0,2,true,2026-02-13 18:01:39.533249
91ebf8c8-693e-4a5e-abd8-adc4f8a8888b,34f9e29b-3d22-464a-b31c-c3f4fbb73328,video,Técnica de Vibrato,Demonstração da técnica de vibrato no violino,https://youtube.com/watch?v=violin_vibrato,youtube,,,,tutorial,avancado,,[],0,5,true,2026-02-13 18:01:39.533249
92290329-49c3-4d54-88bb-104cf7117c90,1b699036-0f72-4c48-9801-e01f6f25e165,video,Técnica de Vibrato,Demonstração da técnica de vibrato no violino,https://youtube.com/watch?v=violin_vibrato,youtube,,,,tutorial,avancado,,[],0,5,true,2026-02-13 17:57:36.711969
92318b76-1686-4a1b-a8f6-dd026d3927b5,f8653cdb-e2e7-479a-bfff-c8643859b866,video,Primeiros Passos no Violino,Aula básica de como segurar o violino e o arco,https://youtube.com/watch?v=violin_basics,youtube,,,,tutorial,iniciante,,[],0,4,true,2026-02-13 18:01:39.533249
9235b219-541c-4f00-bde6-f2e45a3ef1d7,f8653cdb-e2e7-479a-bfff-c8643859b866,video,Técnica de Vibrato,Demonstração da técnica de vibrato no violino,https://youtube.com/watch?v=violin_vibrato,youtube,,,,tutorial,avancado,,[],0,5,true,2026-02-13 17:57:36.711969
92367735-cea5-4c07-85b7-707c94c5cde6,11a7bc0c-232f-40dc-92ac-4d15aebd2d52,audio,Capricho Paganini,Capricho nº 24 de Paganini,audio/violino/paganini_caprice.mp3,upload,,,,,avancado,,[],0,9,true,2026-02-13 18:01:39.533249
92600fb0-2310-4fe5-9592-fab0cba4deb6,9a5e0eac-114e-4173-90af-32b55c870675,imagem,Postura do Violinista,Demonstração da postura correta para tocar violino,img/violino/postura.jpg,upload,,,,,iniciante,,[],0,3,false,2026-02-13 18:01:39.533249
92696c73-0d3b-472c-959b-9c241b89fea3,3e02292d-bd2f-46ed-9b9e-a0c8b0acd996,imagem,Postura do Violinista,Demonstração da postura correta para tocar violino,img/violino/postura.jpg,upload,,,,,iniciante,,[],0,3,true,2026-02-13 17:57:36.711969
926b1d74-5368-4730-b9e6-60d76dd54d68,df42056c-8a3e-454c-aeca-73b4d608b85c,audio,Concerto Tchaikovsky,Primeiro movimento do famoso concerto,audio/violino/tchaikovsky_concerto.mp3,upload,,,,,avancado,,[],0,8,false,2026-02-13 18:01:39.533249
9270c602-505a-4838-aba4-62ee4bece3ec,13912e91-7b48-4a8d-82b7-b59515c2a0d3,imagem,Postura do Violinista,Demonstração da postura correta para tocar violino,img/violino/postura.jpg,upload,,,,,iniciante,,[],0,3,true,2026-02-13 18:01:39.533249
9298ec6c-f3b2-4a11-b09e-bd5851d3c500,9edff4db-9ef5-43fc-970a-7d2086de223b,video,Ave Maria - Schubert,Performance clássica da famosa peça,https://youtube.com/watch?v=ave_maria_violin,youtube,,,,performance,intermediario,,[],0,6,false,2026-02-13 18:01:39.533249
929c9712-8546-4fce-b9e7-121dd0b24aa1,11a7bc0c-232f-40dc-92ac-4d15aebd2d52,video,Violino no Jazz,Improvisação jazzística no violino,https://youtube.com/watch?v=jazz_violin,youtube,,,,performance,avancado,,[],0,7,true,2026-02-13 18:01:39.533249
92cc1a5c-38a3-443d-8c81-257e1e05759c,e48ad87b-d237-45e4-a707-05374c4240fa,imagem,Anatomia do Violino,Diagrama educativo das partes do violino,img/violino/anatomia.jpg,upload,,,,,iniciante,,[],0,2,true,2026-02-13 17:57:36.711969
931a4e93-4872-4162-a311-b7e706b48783,0b9c8c6b-0e47-471c-b83b-01c931410692,video,Primeiros Passos no Violino,Aula básica de como segurar o violino e o arco,https://youtube.com/watch?v=violin_basics,youtube,,,,tutorial,iniciante,,[],0,4,false,2026-02-13 18:01:39.533249
931d2321-455e-4de8-a353-393b7ff97baf,9c3a903d-8750-4ded-9341-c876a6d6de93,imagem,Violino Stradivarius,Violino clássico de luthier famoso mostrando detalhes da madeira,img/violino/stradivarius.jpg,upload,,,,,iniciante,,[],0,1,true,2026-02-13 17:57:36.711969
93337d36-d563-4650-aabd-446d46d1924b,9edff4db-9ef5-43fc-970a-7d2086de223b,video,Primeiros Passos no Violino,Aula básica de como segurar o violino e o arco,https://youtube.com/watch?v=violin_basics,youtube,,,,tutorial,iniciante,,[],0,4,false,2026-02-13 18:01:39.533249
9386ae69-0ea3-4fa5-92e2-46a9050d1f12,fb125188-c48e-4d89-a46e-11c3b600dabd,video,Violino no Jazz,Improvisação jazzística no violino,https://youtube.com/watch?v=jazz_violin,youtube,,,,performance,avancado,,[],0,7,true,2026-02-13 18:01:39.533249
939e620b-ca7e-41a8-952b-057d3472a16b,92ecdeff-3480-4f27-85cd-86f12622cf9f,audio,Capricho Paganini,Capricho nº 24 de Paganini,audio/violino/paganini_caprice.mp3,upload,,,,,avancado,,[],0,9,true,2026-02-13 18:01:39.533249
93a9afa0-e789-4024-bf20-9091c92d4b1a,1b699036-0f72-4c48-9801-e01f6f25e165,video,Primeiros Passos no Violino,Aula básica de como segurar o violino e o arco,https://youtube.com/watch?v=violin_basics,youtube,,,,tutorial,iniciante,,[],0,4,true,2026-02-13 17:57:36.711969
93cd4ca8-5434-4f46-9aa9-a9ddd9cbac41,492f792b-8d0c-46b7-a195-c8c32114696d,video,Violino no Jazz,Improvisação jazzística no violino,https://youtube.com/watch?v=jazz_violin,youtube,,,,performance,avancado,,[],0,7,true,2026-02-13 17:57:36.711969
93cdff90-6972-4fd1-a413-d7f6a6b15c3a,9a5e0eac-114e-4173-90af-32b55c870675,video,Técnica de Vibrato,Demonstração da técnica de vibrato no violino,https://youtube.com/watch?v=violin_vibrato,youtube,,,,tutorial,avancado,,[],0,5,true,2026-02-13 18:01:39.533249
93dc072e-f2bd-49a4-9fb9-486b9a98c1e8,492f792b-8d0c-46b7-a195-c8c32114696d,audio,Capricho Paganini,Capricho nº 24 de Paganini,audio/violino/paganini_caprice.mp3,upload,,,,,avancado,,[],0,9,true,2026-02-13 18:01:39.533249
93e0a902-ccfe-4112-ae87-7e393b50210c,6b11dc1a-295f-4458-9c08-2bcec09ff3ec,imagem,Violino Stradivarius,Violino clássico de luthier famoso mostrando detalhes da madeira,img/violino/stradivarius.jpg,upload,,,,,iniciante,,[],0,1,true,2026-02-13 18:01:39.533249
93eab915-678c-4e57-afc5-993d94f0a2d9,3e02292d-bd2f-46ed-9b9e-a0c8b0acd996,imagem,Postura do Violinista,Demonstração da postura correta para tocar violino,img/violino/postura.jpg,upload,,,,,iniciante,,[],0,3,false,2026-02-13 18:01:39.533249
93ecd3b4-743c-4a2d-a9b0-9c33a721a9ba,3957c464-86dc-4aa2-9f09-57b5eb2a6c6a,audio,Capricho Paganini,Capricho nº 24 de Paganini,audio/violino/paganini_caprice.mp3,upload,,,,,avancado,,[],0,9,true,2026-02-13 18:01:39.533249
93f3280b-fcec-4d48-9c71-9c66b2faf801,4445b5c9-dcdf-4dd3-8ce6-bb04a22127ce,video,Primeiros Passos no Violino (rep),Aula básica de como segurar o violino e o arco,https://youtube.com/watch?v=violin_basics,youtube,,,,tutorial,iniciante,,[],0,4,false,2026-02-13 18:01:39.533249
9413ccff-c72f-4e6f-8c54-fabd7ade7289,57d10b2f-c49f-460d-8fab-3da3065c15c2,video,Primeiros Passos no Violino,Aula básica de como segurar o violino e o arco,https://youtube.com/watch?v=violin_basics,youtube,,,,tutorial,iniciante,,[],0,4,true,2026-02-13 17:57:36.711969
941895c8-da70-4838-8654-e1caab59e0e5,174f6ed4-3c21-444a-acfa-5149f53f2ca0,imagem,Postura do Violinista,Demonstração da postura correta para tocar violino,img/violino/postura.jpg,upload,,,,,iniciante,,[],0,3,true,2026-02-13 17:57:36.711969
9427c8f8-c6d0-4040-bc47-e5797f0f290a,87ee66bf-bb70-4e70-9aa3-4bff514ced4e,imagem,Violino Stradivarius,Violino clássico de luthier famoso mostrando detalhes da madeira,img/violino/stradivarius.jpg,upload,,,,,iniciante,,[],0,1,true,2026-02-13 17:57:36.711969
942b84c4-2a5e-447d-8bdb-79181f4dfd9b,c75fe646-ff86-4420-98f0-a0f25d39de45,imagem,Violino Stradivarius (rep),Violino clássico de luthier famoso mostrando detalhes da madeira,img/violino/stradivarius.jpg,upload,,,,,iniciante,,[],0,1,false,2026-02-13 18:01:39.533249
943b8b1d-8c2e-4602-aa11-739cdeb68ee0,6925f61b-ba48-473a-b69a-e3548036c1df,imagem,Postura do Violinista,Demonstração da postura correta para tocar violino,img/violino/postura.jpg,upload,,,,,iniciante,,[],0,3,false,2026-02-13 18:01:39.533249
946c38e3-a535-4f2b-9fa7-33e804bd8606,8ddb4eea-18b9-4b8f-bb85-16a1f5474f87,video,Violino no Jazz,Improvisação jazzística no violino,https://youtube.com/watch?v=jazz_violin,youtube,,,,performance,avancado,,[],0,7,true,2026-02-13 18:01:39.533249
947ceac5-d2c6-43d0-be1d-8042b5a69a2e,e54b748d-3b1b-48ba-b65e-ec1e476e94ad,imagem,Violino Stradivarius (rep),Violino clássico de luthier famoso mostrando detalhes da madeira,img/violino/stradivarius.jpg,upload,,,,,iniciante,,[],0,1,true,2026-02-13 18:01:39.533249
94850251-2654-4e46-990e-0e3c719a9495,492f792b-8d0c-46b7-a195-c8c32114696d,imagem,Postura do Violinista,Demonstração da postura correta para tocar violino,img/violino/postura.jpg,upload,,,,,iniciante,,[],0,3,true,2026-02-13 18:01:39.533249
94ae2e97-a037-4ae7-b718-cc98f0d37a7a,6925f61b-ba48-473a-b69a-e3548036c1df,imagem,Anatomia do Violino,Diagrama educativo das partes do violino,img/violino/anatomia.jpg,upload,,,,,iniciante,,[],0,2,true,2026-02-13 17:57:36.711969
94b2d9ba-e32a-4f99-92b5-516ec5fb0572,3e02292d-bd2f-46ed-9b9e-a0c8b0acd996,audio,Concerto Tchaikovsky,Primeiro movimento do famoso concerto,audio/violino/tchaikovsky_concerto.mp3,upload,,,,,avancado,,[],0,8,true,2026-02-13 18:01:39.533249
94ba4b64-76db-4e5e-9c44-3ff30f54d78e,4c61dc18-2b1e-48c8-8a2e-2c730679d4a5,imagem,Violino Stradivarius (rep),Violino clássico de luthier famoso mostrando detalhes da madeira,img/violino/stradivarius.jpg,upload,,,,,iniciante,,[],0,1,false,2026-02-13 18:01:39.533249
94bc0a95-7f69-45b1-a5b0-00d8f0f5e33b,b7425269-f2bb-454c-8c61-e3e9d028c9b4,video,Primeiros Passos no Violino,Aula básica de como segurar o violino e o arco,https://youtube.com/watch?v=violin_basics,youtube,,,,tutorial,iniciante,,[],0,4,false,2026-02-13 18:01:39.533249
94c72093-a2b9-4794-8b3f-8b33941a2bb4,ee709f67-e4e4-4f9c-9001-7574e4d8dfa0,imagem,Anatomia do Violino,Diagrama educativo das partes do violino,img/violino/anatomia.jpg,upload,,,,,iniciante,,[],0,2,true,2026-02-13 18:01:39.533249
9500bb21-c396-4c5e-8222-5e311ff75192,82052c70-0a9d-4d94-873e-3b402e032f55,video,Técnica de Vibrato,Demonstração da técnica de vibrato no violino,https://youtube.com/watch?v=violin_vibrato,youtube,,,,tutorial,avancado,,[],0,5,true,2026-02-13 18:01:39.533249
950767f1-464d-448e-93a2-866a393662a6,0e52514e-58c3-463a-a6e4-f71a1439f9b7,imagem,Anatomia do Violino,Diagrama educativo das partes do violino,img/violino/anatomia.jpg,upload,,,,,iniciante,,[],0,2,true,2026-02-13 17:57:36.711969
95186e02-23b3-47c2-b582-d81eab4311ab,64b94e98-6ad2-4e7f-9aa0-b57f6bb58df1,video,Ave Maria - Schubert (rep),Performance clássica da famosa peça,https://youtube.com/watch?v=ave_maria_violin,youtube,,,,performance,intermediario,,[],0,6,true,2026-02-13 18:01:39.533249
951c8c20-9977-482c-bf2a-24af3e6feac7,e54b748d-3b1b-48ba-b65e-ec1e476e94ad,imagem,Violino Stradivarius,Violino clássico de luthier famoso mostrando detalhes da madeira,img/violino/stradivarius.jpg,upload,,,,,iniciante,,[],0,1,false,2026-02-13 18:01:39.533249
954ea520-d7e2-44e1-a74c-f57865a9b494,9edff4db-9ef5-43fc-970a-7d2086de223b,imagem,Cavalete — close,Curvatura e ajuste,media/viola/imagens/viola-cavalete-01.jpg,local,,,,educativo,iniciante,,,0,4,true,2025-09-22 11:48:23.651843
9551ca36-4082-4a74-a0a4-b0ce74f4a6af,fb125188-c48e-4d89-a46e-11c3b600dabd,imagem,Violino Stradivarius,Violino clássico de luthier famoso mostrando detalhes da madeira,img/violino/stradivarius.jpg,upload,,,,,iniciante,,[],0,1,true,2026-02-13 18:01:39.533249
956e3b48-16e0-46e6-b55d-77e452baabd5,80436b4f-15c1-452f-9442-34e42b5117e4,audio,Capricho Paganini (rep),Capricho nº 24 de Paganini,audio/violino/paganini_caprice.mp3,upload,,,,,avancado,,[],0,9,true,2026-02-13 18:01:31.997858
9594e685-496d-4e85-8466-e65a9cfe29dd,86f83611-c0db-470c-87e7-31ee81b1a009,imagem,Anatomia do Violino,Diagrama educativo das partes do violino,img/violino/anatomia.jpg,upload,,,,,iniciante,,[],0,2,true,2026-02-13 17:57:36.711969
95c8553d-bf02-42c2-a318-91b4dbc47d42,6b11dc1a-295f-4458-9c08-2bcec09ff3ec,video,Primeiros Passos no Violino,Aula básica de como segurar o violino e o arco,https://youtube.com/watch?v=violin_basics,youtube,,,,tutorial,iniciante,,[],0,4,true,2026-02-13 18:01:39.533249
95ca60ae-2981-4e4c-bf2d-483e7eaee610,35aff373-706c-47d8-8004-d8edcddb1e0c,imagem,Baixo e partitura,Baixo com partitura.,/midias/baixo/partitura.jpg,upload,,,,tecnica,iniciante,,"[""partitura"",""baixo""]",0,0,true,2025-06-16 04:38:10.049188
95e5e333-becf-4cce-ab4a-2f386ae7ff9b,86f83611-c0db-470c-87e7-31ee81b1a009,video,Violino no Jazz,Improvisação jazzística no violino,https://youtube.com/watch?v=jazz_violin,youtube,,,,performance,avancado,,[],0,7,false,2026-02-13 18:01:39.533249
95f2f0df-c28d-468a-a716-999b68c8716a,750450cf-e14e-4f02-944e-b3c1bb0f87a4,imagem,Anatomia do Violino,Diagrama educativo das partes do violino,img/violino/anatomia.jpg,upload,,,,,iniciante,,[],0,2,true,2026-02-13 17:57:36.711969
962488a4-570e-412e-93e2-7da9abf13e7f,8bd473f1-7b35-4b9e-869a-17fb73c6e047,imagem,Painel de controle,Detalhe dos botões e visor.,/midias/teclado/painel.jpg,upload,,,,tecnica,iniciante,,"[""painel"",""teclado""]",0,0,true,2025-06-15 20:36:24.121938
964fa331-8cbe-4f56-898e-e531f0a36fdd,ac116dcb-4fd4-4ef6-b6fb-f4ff1287bf68,imagem,Anatomia do Violino,Diagrama educativo das partes do violino,img/violino/anatomia.jpg,upload,,,,,iniciante,,[],0,2,true,2026-02-13 18:01:39.533249
968afc8a-d4cd-46a3-87de-b10ea9cf7d82,63ebeaeb-be5d-4c26-a5cf-f59b71423401,video,Técnica de Vibrato (rep),Demonstração da técnica de vibrato no violino,https://youtube.com/watch?v=violin_vibrato,youtube,,,,tutorial,avancado,,[],0,5,false,2026-02-13 18:01:39.533249
96a3374b-c96e-427b-8665-fbfdd0d7b35e,e48ad87b-d237-45e4-a707-05374c4240fa,imagem,Postura do Violinista (rep),Demonstração da postura correta para tocar violino,img/violino/postura.jpg,upload,,,,,iniciante,,[],0,3,true,2026-02-13 18:01:39.533249
96ab154e-5ce1-4af5-b7c1-060fcbf9a8a6,b73f1d80-3d73-487e-89b8-ab35274a8dd4,imagem,Partes do contrabaixo,Imagem com partes anotadas.,/midias/contrabaixo/partes.jpg,upload,,,,tecnica,iniciante,,"[""anatomia"",""contrabaixo""]",0,0,true,2025-06-16 05:28:34.120792
96abb17a-49ac-41ff-abff-e301c2fce1dc,1b699036-0f72-4c48-9801-e01f6f25e165,video,Técnica de Vibrato,Demonstração da técnica de vibrato no violino,https://youtube.com/watch?v=violin_vibrato,youtube,,,,tutorial,avancado,,[],0,5,true,2026-02-13 18:01:39.533249
96c2b08d-54b9-409e-90b6-2b9c30aa93f6,b73f1d80-3d73-487e-89b8-ab35274a8dd4,imagem,Braço do contrabaixo,Detalhe do braço longo.,/midias/contrabaixo/braco.jpg,upload,,,,tecnica,iniciante,,"[""braco"",""contrabaixo""]",0,0,true,2025-06-16 05:28:34.120792
96c44b83-da29-446e-82c0-0767a27d19a5,8fbba87d-39e1-4542-b8bb-7c815fdc2b9a,video,Violino no Jazz,Improvisação jazzística no violino,https://youtube.com/watch?v=jazz_violin,youtube,,,,performance,avancado,,[],0,7,true,2026-02-13 17:57:36.711969
96c79116-3fd2-45b1-b04f-1629da85caea,1f8c0a22-f3fc-4f51-8938-6e1cc6e24f85,audio,Concerto Tchaikovsky,Primeiro movimento do famoso concerto,audio/violino/tchaikovsky_concerto.mp3,upload,,,,,avancado,,[],0,8,true,2026-02-13 18:01:39.533249
96ce03dd-f9e8-4110-aa38-e19a2542fd36,56f643e0-a3e2-4067-84ac-334c454426f8,video,Técnica de Vibrato (rep),Demonstração da técnica de vibrato no violino,https://youtube.com/watch?v=violin_vibrato,youtube,,,,tutorial,avancado,,[],0,5,false,2026-02-13 18:01:39.533249
96eff616-ef43-4ae0-ba4d-1a48e8813413,8fbba87d-39e1-4542-b8bb-7c815fdc2b9a,video,Violino no Jazz (rep),Improvisação jazzística no violino,https://youtube.com/watch?v=jazz_violin,youtube,,,,performance,avancado,,[],0,7,true,2026-02-13 18:01:39.533249
9725b57b-b95e-4ad7-8e4e-ce3dfdc314d1,6b11dc1a-295f-4458-9c08-2bcec09ff3ec,video,Violino no Jazz (rep),Improvisação jazzística no violino,https://youtube.com/watch?v=jazz_violin,youtube,,,,performance,avancado,,[],0,7,false,2026-02-13 18:01:39.533249
973a90e5-9ab6-48ac-ae3c-d59d1d29d200,8bd473f1-7b35-4b9e-869a-17fb73c6e047,audio,Arpejo,Execução arpejo.,/midias/teclado/arpejo.mp3,upload,,,,tecnica,intermediario,60,"[""arpejo"",""teclado""]",0,0,true,2025-06-15 20:36:24.121938
97d1f334-601c-45aa-b623-b78f9bcae8d8,df42056c-8a3e-454c-aeca-73b4d608b85c,imagem,Anatomia do Violino,Diagrama educativo das partes do violino,img/violino/anatomia.jpg,upload,,,,,iniciante,,[],0,2,true,2026-02-13 18:01:39.533249
9820fe81-e126-4dd6-a6a7-fab0355a7e8b,4c61dc18-2b1e-48c8-8a2e-2c730679d4a5,video,Ave Maria - Schubert,Performance clássica da famosa peça,https://youtube.com/watch?v=ave_maria_violin,youtube,,,,performance,intermediario,,[],0,6,true,2026-02-13 18:01:39.533249
9825618a-0648-4b77-a787-78c96c363551,174f6ed4-3c21-444a-acfa-5149f53f2ca0,video,Técnica de Vibrato,Demonstração da técnica de vibrato no violino,https://youtube.com/watch?v=violin_vibrato,youtube,,,,tutorial,avancado,,[],0,5,true,2026-02-13 18:01:39.533249
982a3196-988f-4739-b7a7-9c370aad1577,0b9c8c6b-0e47-471c-b83b-01c931410692,video,Violino no Jazz,Improvisação jazzística no violino,https://youtube.com/watch?v=jazz_violin,youtube,,,,performance,avancado,,[],0,7,true,2026-02-13 18:01:39.533249
98310ca6-9ab8-49b9-91eb-b8c9e9ffb313,3957c464-86dc-4aa2-9f09-57b5eb2a6c6a,imagem,Anatomia do Violino,Diagrama educativo das partes do violino,img/violino/anatomia.jpg,upload,,,,,iniciante,,[],0,2,true,2026-02-13 18:01:39.533249
984302a7-8724-4cf9-9018-2275547d1f57,ac116dcb-4fd4-4ef6-b6fb-f4ff1287bf68,imagem,Postura do Violinista (rep),Demonstração da postura correta para tocar violino,img/violino/postura.jpg,upload,,,,,iniciante,,[],0,3,false,2026-02-13 18:01:39.533249
9849e83a-45a8-4ab8-8918-e0e0df89aa6e,8bd473f1-7b35-4b9e-869a-17fb73c6e047,video,Legato no teclado,Execução suave.,https://www.youtube.com/watch?v=teclado3,youtube,,,,tecnica,iniciante,180,"[""legato"",""teclado""]",0,0,true,2025-06-15 20:36:24.121938
986c0ed2-8f95-4bc2-831b-76d1194768c7,750450cf-e14e-4f02-944e-b3c1bb0f87a4,imagem,Violino Stradivarius (rep),Violino clássico de luthier famoso mostrando detalhes da madeira,img/violino/stradivarius.jpg,upload,,,,,iniciante,,[],0,1,false,2026-02-13 18:01:39.533249
98726708-b088-4926-b8b3-a93507015d2c,a0f53672-7d87-4ab4-a64f-b551fc1a380d,imagem,Anatomia do Violino,Diagrama educativo das partes do violino,img/violino/anatomia.jpg,upload,,,,,iniciante,,[],0,2,true,2026-02-13 18:01:39.533249
98892adc-b008-469b-a582-523c8d97f453,32705505-7727-4d27-b7bd-b08e7c90c233,3d,Modelo 3D Violino,Modelo tridimensional interativo do violino,models/violino_3d.glb,upload,,,,,iniciante,,[],0,10,true,2026-02-13 18:01:39.533249
98935a38-aa91-4f8d-ae4b-d1c981d0d204,a0f53672-7d87-4ab4-a64f-b551fc1a380d,3d,Modelo 3D Violino (rep),Modelo tridimensional interativo do violino,models/violino_3d.glb,upload,,,,,iniciante,,[],0,10,true,2026-02-13 18:01:39.533249
98b63b19-7a1b-4c9b-97af-cfd75a209b2b,a0f53672-7d87-4ab4-a64f-b551fc1a380d,video,Primeiros Passos no Violino,Aula básica de como segurar o violino e o arco,https://youtube.com/watch?v=violin_basics,youtube,,,,tutorial,iniciante,,[],0,4,true,2026-02-13 18:01:39.533249
98c133cf-2051-4e67-a322-668aa488e0c5,0e52514e-58c3-463a-a6e4-f71a1439f9b7,imagem,Postura do Violinista,Demonstração da postura correta para tocar violino,img/violino/postura.jpg,upload,,,,,iniciante,,[],0,3,false,2026-02-13 18:01:39.533249
98cac5dc-ce00-4100-912a-92c43be410f4,82052c70-0a9d-4d94-873e-3b402e032f55,video,Ave Maria - Schubert,Performance clássica da famosa peça,https://youtube.com/watch?v=ave_maria_violin,youtube,,,,performance,intermediario,,[],0,6,true,2026-02-13 17:57:36.711969
98dc6f99-2d59-4a6e-8336-46c0a330d5e9,36040329-1aa6-428a-ad39-cd85de03493e,3d,Modelo 3D Violino,Modelo tridimensional interativo do violino,models/violino_3d.glb,upload,,,,,iniciante,,[],0,10,false,2026-02-13 18:01:39.533249
98f425f9-3da6-436f-b66c-d030d297a273,cca87ab1-8ad4-4876-a8d8-190f85927952,3d,Modelo 3D Violino,Modelo tridimensional interativo do violino,models/violino_3d.glb,upload,,,,,iniciante,,[],0,10,false,2026-02-13 18:01:39.533249
98f4ec20-5d5a-4569-8aaf-c2e15a260ff5,b7425269-f2bb-454c-8c61-e3e9d028c9b4,3d,Modelo 3D Violino,Modelo tridimensional interativo do violino,models/violino_3d.glb,upload,,,,,iniciante,,[],0,10,false,2026-02-13 18:01:39.533249
98f6fea5-4006-44ff-a5ff-04f3d619bdbc,b7425269-f2bb-454c-8c61-e3e9d028c9b4,imagem,Postura do Violinista,Demonstração da postura correta para tocar violino,img/violino/postura.jpg,upload,,,,,iniciante,,[],0,3,true,2026-02-13 17:57:36.711969
9903f9be-6c95-498a-8ac7-c3839c5a0044,36040329-1aa6-428a-ad39-cd85de03493e,audio,Capricho Paganini,Capricho nº 24 de Paganini,audio/violino/paganini_caprice.mp3,upload,,,,,avancado,,[],0,9,false,2026-02-13 18:01:39.533249
990c62e4-82bb-4fa8-9063-53334d084094,35da6877-2528-4f37-9ab4-b44893ad1dbf,imagem,Anatomia do Violino (rep),Diagrama educativo das partes do violino,img/violino/anatomia.jpg,upload,,,,,iniciante,,[],0,2,true,2026-02-13 18:01:39.533249
9939a328-c5e2-492d-b886-fba9ba97cdf5,57d10b2f-c49f-460d-8fab-3da3065c15c2,imagem,Anatomia do Violino,Diagrama educativo das partes do violino,img/violino/anatomia.jpg,upload,,,,,iniciante,,[],0,2,true,2026-02-13 17:57:36.711969
995fbcee-6240-4cb6-b1e1-3c19b53778ff,4445b5c9-dcdf-4dd3-8ce6-bb04a22127ce,imagem,Violino Stradivarius,Violino clássico de luthier famoso mostrando detalhes da madeira,img/violino/stradivarius.jpg,upload,,,,,iniciante,,[],0,1,true,2026-02-13 18:01:39.533249
9989bd51-e940-4524-9304-b8349f883e8d,1b699036-0f72-4c48-9801-e01f6f25e165,audio,Capricho Paganini,Capricho nº 24 de Paganini,audio/violino/paganini_caprice.mp3,upload,,,,,avancado,,[],0,9,true,2026-02-13 17:57:36.711969
998c41c3-6129-4462-9835-bb850a55c47e,87ee66bf-bb70-4e70-9aa3-4bff514ced4e,audio,Capricho Paganini,Capricho nº 24 de Paganini,audio/violino/paganini_caprice.mp3,upload,,,,,avancado,,[],0,9,true,2026-02-13 18:01:39.533249
9991c887-8dbe-4661-af40-fa50ddc3246d,9a5e0eac-114e-4173-90af-32b55c870675,video,Ave Maria - Schubert,Performance clássica da famosa peça,https://youtube.com/watch?v=ave_maria_violin,youtube,,,,performance,intermediario,,[],0,6,false,2026-02-13 18:01:39.533249
99ceac4e-7f5b-418e-a80e-9b0c4cdcd4e6,492f792b-8d0c-46b7-a195-c8c32114696d,video,Ave Maria - Schubert,Performance clássica da famosa peça,https://youtube.com/watch?v=ave_maria_violin,youtube,,,,performance,intermediario,,[],0,6,true,2026-02-13 18:01:39.533249
99d7268d-3467-4686-86d2-d02726f90aca,8bd473f1-7b35-4b9e-869a-17fb73c6e047,audio,Acorde G,Acorde maior.,/midias/teclado/acorde_g.mp3,upload,,,,tecnica,intermediario,60,"[""acorde"",""teclado""]",0,0,true,2025-06-15 20:36:24.121938
99e16383-c1ef-4219-bc7c-784a23438b47,492f792b-8d0c-46b7-a195-c8c32114696d,video,Primeiros Passos no Violino,Aula básica de como segurar o violino e o arco,https://youtube.com/watch?v=violin_basics,youtube,,,,tutorial,iniciante,,[],0,4,false,2026-02-13 18:01:39.533249
99f7949e-3c1d-4433-823c-3f1a7917ed77,4c61dc18-2b1e-48c8-8a2e-2c730679d4a5,audio,Concerto Tchaikovsky (rep),Primeiro movimento do famoso concerto,audio/violino/tchaikovsky_concerto.mp3,upload,,,,,avancado,,[],0,8,false,2026-02-13 18:01:39.533249
9a0514cf-c986-4485-9989-7cfbb2d087b8,3957c464-86dc-4aa2-9f09-57b5eb2a6c6a,audio,Capricho Paganini,Capricho nº 24 de Paganini,audio/violino/paganini_caprice.mp3,upload,,,,,avancado,,[],0,9,true,2026-02-13 17:57:36.711969
9a4d5c0c-25b5-40e0-a5a9-4ada21eee4e4,3e02292d-bd2f-46ed-9b9e-a0c8b0acd996,imagem,Anatomia do Violino,Diagrama educativo das partes do violino,img/violino/anatomia.jpg,upload,,,,,iniciante,,[],0,2,true,2026-02-13 17:57:36.711969
9a647571-c751-4875-bf23-3605651e61ec,11a7bc0c-232f-40dc-92ac-4d15aebd2d52,video,Ave Maria - Schubert (rep),Performance clássica da famosa peça,https://youtube.com/watch?v=ave_maria_violin,youtube,,,,performance,intermediario,,[],0,6,false,2026-02-13 18:01:39.533249
9a6bf811-b3f9-416c-8830-76051e15d66f,b7425269-f2bb-454c-8c61-e3e9d028c9b4,audio,Concerto Tchaikovsky,Primeiro movimento do famoso concerto,audio/violino/tchaikovsky_concerto.mp3,upload,,,,,avancado,,[],0,8,true,2026-02-13 18:01:39.533249
9a903e25-7709-4bcb-b1e7-9ae51a7e2f60,3957c464-86dc-4aa2-9f09-57b5eb2a6c6a,audio,Concerto Tchaikovsky,Primeiro movimento do famoso concerto,audio/violino/tchaikovsky_concerto.mp3,upload,,,,,avancado,,[],0,8,true,2026-02-13 17:57:36.711969
9aa600de-804f-4066-bedd-cc99117ecbc4,750450cf-e14e-4f02-944e-b3c1bb0f87a4,video,Técnica de Dedilhado Clássico,Exercícios fundamentais de dedilhado para violão clássico,https://youtube.com/watch?v=dedilhado_classico,youtube,,,,tecnica,intermediario,720,"[""dedilhado"",""classico"",""tecnica""]",0,0,true,2025-06-08 01:05:48.886576
9aa71caf-7ca0-4191-abef-d1c5bf313327,492f792b-8d0c-46b7-a195-c8c32114696d,video,Violino no Jazz,Improvisação jazzística no violino,https://youtube.com/watch?v=jazz_violin,youtube,,,,performance,avancado,,[],0,7,false,2026-02-13 18:01:39.533249
9ae37d60-6ff2-46ac-aeb3-336b7d099875,df168c2e-275a-44ed-9ee7-af356bf724e5,audio,Concerto Tchaikovsky (rep),Primeiro movimento do famoso concerto,audio/violino/tchaikovsky_concerto.mp3,upload,,,,,avancado,,[],0,8,false,2026-02-13 18:01:39.533249
9afef2d1-bfb2-43d6-8678-218ff6a52da0,8bd473f1-7b35-4b9e-869a-17fb73c6e047,imagem,Teclado e partitura,Teclado com partitura.,/midias/teclado/partitura.jpg,upload,,,,tecnica,iniciante,,"[""partitura"",""teclado""]",0,0,true,2025-06-15 20:36:24.121938
9b05309d-5352-4949-b2af-f6eb4a4ef830,492f792b-8d0c-46b7-a195-c8c32114696d,audio,Concerto Tchaikovsky (rep),Primeiro movimento do famoso concerto,audio/violino/tchaikovsky_concerto.mp3,upload,,,,,avancado,,[],0,8,true,2026-02-13 18:01:39.533249
9b1b63df-280b-4fe1-86c0-b86a34581421,26cadf44-6d7b-4f9b-85d6-6b2c40715f45,video,Legato,Execução suave.,https://www.youtube.com/watch?v=saxofone3,youtube,,,,tecnica,iniciante,180,"[""legato"",""saxofone""]",0,0,false,2025-06-16 00:57:47.581967
9b3198a1-f5c9-41e6-be14-1a98392db6a5,a0f53672-7d87-4ab4-a64f-b551fc1a380d,imagem,Postura do Violinista,Demonstração da postura correta para tocar violino,img/violino/postura.jpg,upload,,,,,iniciante,,[],0,3,true,2026-02-13 17:57:36.711969
9b51e2cd-4f1e-407b-b02e-d2d77c510577,87ee66bf-bb70-4e70-9aa3-4bff514ced4e,3d,Modelo 3D Violino,Modelo tridimensional interativo do violino,models/violino_3d.glb,upload,,,,,iniciante,,[],0,10,true,2026-02-13 17:57:36.711969
9b7e8802-97ff-4371-aedb-9ddae57602b8,34f9e29b-3d22-464a-b31c-c3f4fbb73328,imagem,Postura do Violinista,Demonstração da postura correta para tocar violino,img/violino/postura.jpg,upload,,,,,iniciante,,[],0,3,true,2026-02-13 17:57:36.711969
9b893c7a-3913-4bf7-b499-626603db8c16,87ee66bf-bb70-4e70-9aa3-4bff514ced4e,imagem,Anatomia do Violino (rep),Diagrama educativo das partes do violino,img/violino/anatomia.jpg,upload,,,,,iniciante,,[],0,2,false,2026-02-13 18:01:39.533249
9b99d696-fe2f-4555-8ba0-a1b63f8500d0,3702e3f9-bc82-42b6-ae32-c770081b3ec2,video,Primeiros Passos no Violino,Aula básica de como segurar o violino e o arco,https://youtube.com/watch?v=violin_basics,youtube,,,,tutorial,iniciante,,[],0,4,false,2026-02-13 18:01:39.533249
9b9e7296-b47a-4cc1-afa9-351145d52aa7,26cadf44-6d7b-4f9b-85d6-6b2c40715f45,video,Postura correta,Como segurar o saxofone.,https://www.youtube.com/watch?v=saxofone1,youtube,,,,tecnica,iniciante,300,"[""postura"",""saxofone""]",0,0,true,2025-06-16 00:56:26.375072
9bc468ca-02cb-4c77-8a6a-35ddae43260b,3e02292d-bd2f-46ed-9b9e-a0c8b0acd996,3d,Modelo 3D Violino,Modelo tridimensional interativo do violino,models/violino_3d.glb,upload,,,,,iniciante,,[],0,10,true,2026-02-13 18:01:39.533249
9c123dfb-a9e5-4205-af30-23aa3e382374,26cadf44-6d7b-4f9b-85d6-6b2c40715f45,video,Glissando,Demonstração de glissando.,https://www.youtube.com/watch?v=saxofone5,youtube,,,,tecnica,intermediario,180,"[""glissando"",""saxofone""]",0,0,false,2025-06-16 00:57:47.581967
9c4020b2-9bd3-43a0-a8f8-c55eea200995,2abbd218-b737-410e-934b-f9c8f3d2b806,3d,Modelo 3D Violino (rep),Modelo tridimensional interativo do violino,models/violino_3d.glb,upload,,,,,iniciante,,[],0,10,true,2026-02-13 18:01:39.533249
9c587b07-575a-41cb-bda4-b23a8357280d,fb125188-c48e-4d89-a46e-11c3b600dabd,video,Ave Maria - Schubert,Performance clássica da famosa peça,https://youtube.com/watch?v=ave_maria_violin,youtube,,,,performance,intermediario,,[],0,6,true,2026-02-13 18:01:39.533249
9c6c2e77-42ec-40f3-b4e2-873f8e1a80a2,2abbd218-b737-410e-934b-f9c8f3d2b806,video,Ave Maria - Schubert,Performance clássica da famosa peça,https://youtube.com/watch?v=ave_maria_violin,youtube,,,,performance,intermediario,,[],0,6,true,2026-02-13 18:01:39.533249
9c757d76-8a2a-4eb3-a119-208d049aca8e,412c40b6-f4fc-4379-9d6f-5ce0ec2d669d,audio,Pizzicato,Exemplo de pizzicato.,/midias/violoncelo/pizzicato.mp3,upload,,,,tecnica,iniciante,60,"[""pizzicato"",""violoncelo""]",0,0,true,2025-06-15 19:35:06.847648
9cc32869-cbac-40ef-90b4-0f7246a932fd,3957c464-86dc-4aa2-9f09-57b5eb2a6c6a,audio,Concerto Tchaikovsky (rep),Primeiro movimento do famoso concerto,audio/violino/tchaikovsky_concerto.mp3,upload,,,,,avancado,,[],0,8,true,2026-02-13 18:01:39.533249
9cd0f1fe-1809-48dd-be42-c0b05363d12c,ee709f67-e4e4-4f9c-9001-7574e4d8dfa0,video,Ave Maria - Schubert,Performance clássica da famosa peça,https://youtube.com/watch?v=ave_maria_violin,youtube,,,,performance,intermediario,,[],0,6,true,2026-02-13 18:01:39.533249
9d036367-86b5-49e5-b3a5-c39571d610a5,4445b5c9-dcdf-4dd3-8ce6-bb04a22127ce,video,Violino no Jazz,Improvisação jazzística no violino,https://youtube.com/watch?v=jazz_violin,youtube,,,,performance,avancado,,[],0,7,true,2026-02-13 18:01:39.533249
9d180acf-31b0-438e-abeb-247cb556646d,4d78c5a4-04bf-452d-b326-83e7c72c10ef,audio,Capricho Paganini (rep),Capricho nº 24 de Paganini,audio/violino/paganini_caprice.mp3,upload,,,,,avancado,,[],0,9,true,2026-02-13 18:01:39.533249
9d3d3b25-538d-46c9-a09d-142b1e321bbf,4c61dc18-2b1e-48c8-8a2e-2c730679d4a5,3d,Modelo 3D Violino (rep),Modelo tridimensional interativo do violino,models/violino_3d.glb,upload,,,,,iniciante,,[],0,10,false,2026-02-13 18:01:39.533249
9d3f454f-61d4-4d09-b6f2-4020fb92592d,ac116dcb-4fd4-4ef6-b6fb-f4ff1287bf68,audio,Capricho Paganini,Capricho nº 24 de Paganini,audio/violino/paganini_caprice.mp3,upload,,,,,avancado,,[],0,9,true,2026-02-13 17:57:36.711969
9d4976f7-fb63-4ba3-baf0-bb998b465229,35da6877-2528-4f37-9ab4-b44893ad1dbf,audio,Concerto Tchaikovsky (rep),Primeiro movimento do famoso concerto,audio/violino/tchaikovsky_concerto.mp3,upload,,,,,avancado,,[],0,8,true,2026-02-13 18:01:39.533249
9d544ad8-84dd-4dcc-af2c-ab7f37a57438,453ca164-6f0e-4554-b008-dd68bf4586c2,video,Violino no Jazz,Improvisação jazzística no violino,https://youtube.com/watch?v=jazz_violin,youtube,,,,performance,avancado,,[],0,7,true,2026-02-13 17:57:36.711969
9d5641c5-59db-4695-9afc-91296674c7e5,56e32061-7ed6-495d-9bc1-00cdb345b02e,3d,Modelo 3D Violino,Modelo tridimensional interativo do violino,models/violino_3d.glb,upload,,,,,iniciante,,[],0,10,true,2026-02-13 17:57:36.711969
9d56b717-fb82-4a55-a140-3bb42b80db80,ac116dcb-4fd4-4ef6-b6fb-f4ff1287bf68,video,Técnica de Vibrato,Demonstração da técnica de vibrato no violino,https://youtube.com/watch?v=violin_vibrato,youtube,,,,tutorial,avancado,,[],0,5,true,2026-02-13 18:01:39.533249
9d6e7aeb-d663-4f24-9cf4-9d4b66e2b627,750450cf-e14e-4f02-944e-b3c1bb0f87a4,video,Violino no Jazz,Improvisação jazzística no violino,https://youtube.com/watch?v=jazz_violin,youtube,,,,performance,avancado,,[],0,7,false,2026-02-13 18:01:39.533249
9d7e9345-086d-4df0-bba3-625218cde853,b7425269-f2bb-454c-8c61-e3e9d028c9b4,audio,Capricho Paganini,Capricho nº 24 de Paganini,audio/violino/paganini_caprice.mp3,upload,,,,,avancado,,[],0,9,true,2026-02-13 17:57:36.711969
9ddcb5fd-f023-48a3-a05b-c3b92f846e87,92ecdeff-3480-4f27-85cd-86f12622cf9f,video,Ave Maria - Schubert,Performance clássica da famosa peça,https://youtube.com/watch?v=ave_maria_violin,youtube,,,,performance,intermediario,,[],0,6,true,2026-02-13 18:01:39.533249
9de8b819-4bb4-4c79-94f4-c6ed01b4c392,80436b4f-15c1-452f-9442-34e42b5117e4,3d,Modelo 3D Violino,Modelo tridimensional interativo do violino,models/violino_3d.glb,upload,,,,,iniciante,,[],0,10,true,2025-06-09 03:41:34.794455
9e0fa02b-59d5-438f-a083-ab28bef1fa21,1b699036-0f72-4c48-9801-e01f6f25e165,3d,Modelo 3D Violino (rep),Modelo tridimensional interativo do violino,models/violino_3d.glb,upload,,,,,iniciante,,[],0,10,false,2026-02-13 18:01:39.533249
9e2d5fc4-b9c4-4b0e-b0de-36751bc606f5,34f9e29b-3d22-464a-b31c-c3f4fbb73328,video,Primeiros Passos no Violino,Aula básica de como segurar o violino e o arco,https://youtube.com/watch?v=violin_basics,youtube,,,,tutorial,iniciante,,[],0,4,true,2026-02-13 18:01:39.533249
9e3fa5fb-6274-4a04-9b79-0a6a2046cfcd,412c40b6-f4fc-4379-9d6f-5ce0ec2d669d,audio,Concerto solo,Trecho de concerto.,/midias/violoncelo/concerto.mp3,upload,,,,performance,avancado,300,"[""concerto"",""violoncelo""]",0,0,true,2025-06-15 19:35:06.847648
9e40b7e2-9e1d-49da-a910-4084127021db,bee0f63a-e248-4f2c-9325-0a23cb3c5a8e,audio,Concerto Tchaikovsky,Primeiro movimento do famoso concerto,audio/violino/tchaikovsky_concerto.mp3,upload,,,,,avancado,,[],0,8,true,2026-02-13 18:01:39.533249
9e480164-45b4-461d-aaea-738776597eed,34f9e29b-3d22-464a-b31c-c3f4fbb73328,video,Ave Maria - Schubert (rep),Performance clássica da famosa peça,https://youtube.com/watch?v=ave_maria_violin,youtube,,,,performance,intermediario,,[],0,6,false,2026-02-13 18:01:39.533249
9e49ff9a-06bf-4e4b-bdb5-055bdcd8a81e,56f643e0-a3e2-4067-84ac-334c454426f8,3d,Modelo 3D Violino,Modelo tridimensional interativo do violino,models/violino_3d.glb,upload,,,,,iniciante,,[],0,10,true,2026-02-13 17:57:36.711969
9e5b8199-7c28-4dea-be51-eb08ad4e9700,3e02292d-bd2f-46ed-9b9e-a0c8b0acd996,video,Ave Maria - Schubert,Performance clássica da famosa peça,https://youtube.com/watch?v=ave_maria_violin,youtube,,,,performance,intermediario,,[],0,6,false,2026-02-13 18:01:39.533249
9e5fbfe0-a0ef-4dfc-8c38-fadc3d94c4c9,80436b4f-15c1-452f-9442-34e42b5117e4,3d,Modelo 3D Violino,Modelo tridimensional interativo do violino,models/violino_3d.glb,upload,,,,,iniciante,,[],0,10,true,2026-02-13 17:57:36.711969
9e69b76e-e44d-42b1-be4a-b8489d5c1b68,0b9c8c6b-0e47-471c-b83b-01c931410692,audio,Concerto Tchaikovsky,Primeiro movimento do famoso concerto,audio/violino/tchaikovsky_concerto.mp3,upload,,,,,avancado,,[],0,8,true,2026-02-13 17:57:36.711969
9e6da302-b6b8-455f-b9e5-b8ad891433f3,9b42a23b-ac7f-42e1-8a04-bde4c525fbde,audio,Solo barroco,Trecho solo.,/midias/oboe/solo.mp3,upload,,,,performance,avancado,180,"[""solo"",""oboe""]",0,0,true,2025-06-20 05:15:55.927047
9e86ae26-08b5-4956-af8a-4899ff3c7c75,3702e3f9-bc82-42b6-ae32-c770081b3ec2,3d,Modelo 3D Violino (rep),Modelo tridimensional interativo do violino,models/violino_3d.glb,upload,,,,,iniciante,,[],0,10,true,2026-02-13 18:01:39.533249
9e9e75eb-dd04-45f0-8e15-d1912a94d70f,761a3318-9a5e-46f3-88f2-62159b96100c,video,Ave Maria - Schubert (rep),Performance clássica da famosa peça,https://youtube.com/watch?v=ave_maria_violin,youtube,,,,performance,intermediario,,[],0,6,true,2026-02-13 18:01:39.533249
9eb5f714-0388-4fce-8b5b-67ea4b77b40f,56e32061-7ed6-495d-9bc1-00cdb345b02e,imagem,Postura do Violinista,Demonstração da postura correta para tocar violino,img/violino/postura.jpg,upload,,,,,iniciante,,[],0,3,true,2026-02-13 17:57:36.711969
9ec0139e-ea5b-4a92-8fee-631ac1d68677,34f9e29b-3d22-464a-b31c-c3f4fbb73328,video,Ave Maria - Schubert,Performance clássica da famosa peça,https://youtube.com/watch?v=ave_maria_violin,youtube,,,,performance,intermediario,,[],0,6,true,2026-02-13 18:01:39.533249
9ec7cfd2-7cf9-4dd3-bd40-5834a674597a,cca87ab1-8ad4-4876-a8d8-190f85927952,video,Violino no Jazz,Improvisação jazzística no violino,https://youtube.com/watch?v=jazz_violin,youtube,,,,performance,avancado,,[],0,7,false,2026-02-13 18:01:39.533249
9ee3e84e-d335-4736-821f-034a9b6aec72,35da6877-2528-4f37-9ab4-b44893ad1dbf,audio,Concerto Tchaikovsky,Primeiro movimento do famoso concerto,audio/violino/tchaikovsky_concerto.mp3,upload,,,,,avancado,,[],0,8,false,2026-02-13 18:01:39.533249
9f0514ef-39e4-4f9b-8293-f9c7c1646d0f,509d6a26-159a-4976-aa46-83f914f930aa,3d,Modelo 3D Violino,Modelo tridimensional interativo do violino,models/violino_3d.glb,upload,,,,,iniciante,,[],0,10,false,2026-02-13 18:01:39.533249
9f0b6fdc-3666-43a1-aea9-4e37d4882b0f,56e32061-7ed6-495d-9bc1-00cdb345b02e,audio,Concerto Tchaikovsky,Primeiro movimento do famoso concerto,audio/violino/tchaikovsky_concerto.mp3,upload,,,,,avancado,,[],0,8,true,2026-02-13 17:57:36.711969
9f132e86-159e-4b00-99ae-463b264ecbca,2abbd218-b737-410e-934b-f9c8f3d2b806,imagem,Anatomia do Violino,Diagrama educativo das partes do violino,img/violino/anatomia.jpg,upload,,,,,iniciante,,[],0,2,true,2026-02-13 17:57:36.711969
9f17b66d-4d40-49fb-9665-7354a762c75c,b73f1d80-3d73-487e-89b8-ab35274a8dd4,video,Pizzicato básico,Introdução ao pizzicato.,https://www.youtube.com/watch?v=contrabaixo2,youtube,,,,tecnica,iniciante,240,"[""pizzicato"",""contrabaixo""]",0,0,true,2025-06-16 05:28:34.120792
9f402fdf-3c51-4279-b07c-7e099577919a,64b94e98-6ad2-4e7f-9aa0-b57f6bb58df1,video,Ave Maria - Schubert,Performance clássica da famosa peça,https://youtube.com/watch?v=ave_maria_violin,youtube,,,,performance,intermediario,,[],0,6,true,2026-02-13 17:57:36.711969
9f53df8d-fbb6-43db-814b-51d4d95eae71,63ebeaeb-be5d-4c26-a5cf-f59b71423401,imagem,Violino Stradivarius,Violino clássico de luthier famoso mostrando detalhes da madeira,img/violino/stradivarius.jpg,upload,,,,,iniciante,,[],0,1,true,2026-02-13 18:01:39.533249
9f794af3-e59f-4ca6-883e-424531cae015,492f792b-8d0c-46b7-a195-c8c32114696d,imagem,Violino Stradivarius,Violino clássico de luthier famoso mostrando detalhes da madeira,img/violino/stradivarius.jpg,upload,,,,,iniciante,,[],0,1,true,2026-02-13 18:01:39.533249
9f7a7bd6-1d5f-4bdd-a944-83772f9ff004,9edff4db-9ef5-43fc-970a-7d2086de223b,imagem,Violino Stradivarius,Violino clássico de luthier famoso mostrando detalhes da madeira,img/violino/stradivarius.jpg,upload,,,,,iniciante,,[],0,1,false,2026-02-13 18:01:39.533249
9f7d7b78-2aea-4ea7-937b-fe74d0ce39f9,6925f61b-ba48-473a-b69a-e3548036c1df,audio,Capricho Paganini (rep),Capricho nº 24 de Paganini,audio/violino/paganini_caprice.mp3,upload,,,,,avancado,,[],0,9,true,2026-02-13 18:01:39.533249
9f874460-e0fc-41ff-93db-5bc540dfd57a,3957c464-86dc-4aa2-9f09-57b5eb2a6c6a,imagem,Postura do Violinista (rep),Demonstração da postura correta para tocar violino,img/violino/postura.jpg,upload,,,,,iniciante,,[],0,3,false,2026-02-13 18:01:39.533249
9f8e1227-b754-4d00-8182-6d9856340560,0e52514e-58c3-463a-a6e4-f71a1439f9b7,video,Técnica de Vibrato,Demonstração da técnica de vibrato no violino,https://youtube.com/watch?v=violin_vibrato,youtube,,,,tutorial,avancado,,[],0,5,true,2026-02-13 17:57:36.711969
9fa5d633-4851-494c-aa9a-fbd40a8c27fa,3702e3f9-bc82-42b6-ae32-c770081b3ec2,imagem,Anatomia do Violino (rep),Diagrama educativo das partes do violino,img/violino/anatomia.jpg,upload,,,,,iniciante,,[],0,2,true,2026-02-13 18:01:39.533249
9fc7ac9f-a5dd-4f3f-8ab7-ed16356eecb5,96b547b5-e685-40f8-952c-9dfce2ad4dc6,imagem,Postura do Violinista,Demonstração da postura correta para tocar violino,img/violino/postura.jpg,upload,,,,,iniciante,,[],0,3,false,2026-02-13 18:01:39.533249
9fcbf391-69a4-436e-8e88-7f06f0f11e85,3702e3f9-bc82-42b6-ae32-c770081b3ec2,imagem,Postura do Violinista,Demonstração da postura correta para tocar violino,img/violino/postura.jpg,upload,,,,,iniciante,,[],0,3,true,2026-02-13 18:01:39.533249
9fd5808f-0249-4279-8024-ff11d06a5f4d,b73f1d80-3d73-487e-89b8-ab35274a8dd4,imagem,Contrabaixo e partitura,Instrumento com partitura.,/midias/contrabaixo/partitura.jpg,upload,,,,tecnica,iniciante,,"[""partitura"",""contrabaixo""]",0,0,true,2025-06-16 05:28:34.120792
9fe0e135-1f8f-4b43-bd25-da6e8a7fb6e9,750450cf-e14e-4f02-944e-b3c1bb0f87a4,video,Primeiros Passos no Violino,Aula básica de como segurar o violino e o arco,https://youtube.com/watch?v=violin_basics,youtube,,,,tutorial,iniciante,,[],0,4,false,2026-02-13 18:01:39.533249
9ffa8383-9b46-464f-8466-be13a32837e8,df168c2e-275a-44ed-9ee7-af356bf724e5,audio,Concerto Tchaikovsky,Primeiro movimento do famoso concerto,audio/violino/tchaikovsky_concerto.mp3,upload,,,,,avancado,,[],0,8,true,2026-02-13 18:01:39.533249
a00bf05c-9e2c-4d40-9261-ec51b3993030,e48ad87b-d237-45e4-a707-05374c4240fa,video,Violino no Jazz (rep),Improvisação jazzística no violino,https://youtube.com/watch?v=jazz_violin,youtube,,,,performance,avancado,,[],0,7,true,2026-02-13 18:01:39.533249
a020b394-5d3b-457a-bcae-51d391fdc600,4d78c5a4-04bf-452d-b326-83e7c72c10ef,video,Técnica de Vibrato (rep),Demonstração da técnica de vibrato no violino,https://youtube.com/watch?v=violin_vibrato,youtube,,,,tutorial,avancado,,[],0,5,true,2026-02-13 18:01:39.533249
a07a2fba-c13e-4765-a8ac-71e7cc696de0,26cadf44-6d7b-4f9b-85d6-6b2c40715f45,audio,Expressão,Execução expressiva.,/midias/saxofone/expressao.mp3,upload,,,,tecnica,intermediario,60,"[""expressao"",""saxofone""]",0,0,true,2025-06-16 00:56:26.375072
a0a4b1ac-6401-4926-9c39-2b06ba60b4ee,4d78c5a4-04bf-452d-b326-83e7c72c10ef,imagem,Anatomia do Violino,Diagrama educativo das partes do violino,img/violino/anatomia.jpg,upload,,,,,iniciante,,[],0,2,true,2026-02-13 18:01:39.533249
a0aec120-996d-48f6-b1d0-92c1bc28cbe6,0e52514e-58c3-463a-a6e4-f71a1439f9b7,imagem,Anatomia do Violino,Diagrama educativo das partes do violino,img/violino/anatomia.jpg,upload,,,,,iniciante,,[],0,2,true,2026-02-13 18:01:39.533249
a0b0d704-2763-483c-b8ed-a218e8798caa,35da6877-2528-4f37-9ab4-b44893ad1dbf,video,Primeiros Passos no Violino (rep),Aula básica de como segurar o violino e o arco,https://youtube.com/watch?v=violin_basics,youtube,,,,tutorial,iniciante,,[],0,4,true,2026-02-13 18:01:39.533249
a0c6d55d-2389-4a4f-a890-d69a6fc1a3ba,63ebeaeb-be5d-4c26-a5cf-f59b71423401,imagem,Postura do Violinista,Demonstração da postura correta para tocar violino,img/violino/postura.jpg,upload,,,,,iniciante,,[],0,3,true,2026-02-13 18:01:39.533249
a0d27529-f837-4226-aaaf-9822030ef2a9,32705505-7727-4d27-b7bd-b08e7c90c233,audio,Concerto Tchaikovsky,Primeiro movimento do famoso concerto,audio/violino/tchaikovsky_concerto.mp3,upload,,,,,avancado,,[],0,8,true,2026-02-13 18:01:39.533249
a0eae46f-bc19-4919-ab19-2e0fdcfdfb6a,6925f61b-ba48-473a-b69a-e3548036c1df,video,Ave Maria - Schubert (rep),Performance clássica da famosa peça,https://youtube.com/watch?v=ave_maria_violin,youtube,,,,performance,intermediario,,[],0,6,true,2026-02-13 18:01:39.533249
a0ee5058-dc81-4682-93df-5ac7f5bc7e2e,bc665a4e-e301-44d3-b8bf-decb09422d71,imagem,Postura do Violinista,Demonstração da postura correta para tocar violino,img/violino/postura.jpg,upload,,,,,iniciante,,[],0,3,false,2026-02-13 18:01:39.533249
a0f7ee88-3249-4f35-9f31-71c2bda06fbc,4d78c5a4-04bf-452d-b326-83e7c72c10ef,imagem,Postura do Violinista (rep),Demonstração da postura correta para tocar violino,img/violino/postura.jpg,upload,,,,,iniciante,,[],0,3,true,2026-02-13 18:01:39.533249
a1076a3c-ab18-46f6-bc57-e5e1279b16a7,80436b4f-15c1-452f-9442-34e42b5117e4,audio,Capricho Paganini,Capricho nº 24 de Paganini,audio/violino/paganini_caprice.mp3,upload,,,,,avancado,,[],0,9,true,2026-02-13 17:57:36.711969
a1213e6f-dbdb-4712-adef-1e8550fff9d4,7b6ae164-dfdf-452d-a5c3-d01554861444,audio,Capricho Paganini,Capricho nº 24 de Paganini,audio/violino/paganini_caprice.mp3,upload,,,,,avancado,,[],0,9,true,2026-02-13 18:01:39.533249
a1252152-668e-4fdc-b67e-40e5d1f9fdfd,96b547b5-e685-40f8-952c-9dfce2ad4dc6,imagem,Postura do Violinista,Demonstração da postura correta para tocar violino,img/violino/postura.jpg,upload,,,,,iniciante,,[],0,3,true,2026-02-13 17:57:36.711969
a14d532f-f8d6-43a6-99d5-85eb654e0263,87ee66bf-bb70-4e70-9aa3-4bff514ced4e,imagem,Violino Stradivarius,Violino clássico de luthier famoso mostrando detalhes da madeira,img/violino/stradivarius.jpg,upload,,,,,iniciante,,[],0,1,true,2026-02-13 18:01:39.533249
a15cb830-30d9-4147-9bb7-13982f468cfa,cca87ab1-8ad4-4876-a8d8-190f85927952,video,Primeiros Passos no Violino,Aula básica de como segurar o violino e o arco,https://youtube.com/watch?v=violin_basics,youtube,,,,tutorial,iniciante,,[],0,4,false,2026-02-13 18:01:39.533249
a17441e8-8873-4c36-91dd-0b4e1045036c,4d78c5a4-04bf-452d-b326-83e7c72c10ef,imagem,Anatomia do Violino (rep),Diagrama educativo das partes do violino,img/violino/anatomia.jpg,upload,,,,,iniciante,,[],0,2,true,2026-02-13 18:01:39.533249
a198b2ee-f7c9-46d8-9b63-d998f6a67151,509d6a26-159a-4976-aa46-83f914f930aa,video,Primeiros Passos no Violino,Aula básica de como segurar o violino e o arco,https://youtube.com/watch?v=violin_basics,youtube,,,,tutorial,iniciante,,[],0,4,false,2026-02-13 18:01:39.533249
a19e2ea1-624e-4a90-a153-5cb8f323ad53,d7c80fe1-ab43-4920-b2aa-d9b4f3ace166,audio,Trinado,Exemplo de trinado,/midias/clarinete/trinado.mp3,upload,,,,tecnica,intermediario,30,"[""trinado"",""clarinete""]",0,0,false,2025-06-15 19:19:49.258132
a1ad25e7-a8a4-4f03-ad88-6c77a01687a0,3702e3f9-bc82-42b6-ae32-c770081b3ec2,video,Primeiros Passos no Violino,Aula básica de como segurar o violino e o arco,https://youtube.com/watch?v=violin_basics,youtube,,,,tutorial,iniciante,,[],0,4,true,2026-02-13 18:01:39.533249
a1add714-022c-4f89-9262-58af7ec87116,d7c80fe1-ab43-4920-b2aa-d9b4f3ace166,video,Como gerar som no clarinete,Tutorial básico para produção de som,https://www.youtube.com/watch?v=clarinete1,youtube,,,,demonstracao,iniciante,300,"[""tutorial"",""clarinete""]",0,0,true,2025-06-15 19:10:08.503614
a1bd3871-1ac8-4c9b-9c5e-08c6f9553587,3702e3f9-bc82-42b6-ae32-c770081b3ec2,imagem,Violino Stradivarius (rep),Violino clássico de luthier famoso mostrando detalhes da madeira,img/violino/stradivarius.jpg,upload,,,,,iniciante,,[],0,1,true,2026-02-13 18:01:39.533249
a2108679-ba16-4e87-847b-099d850feac7,761a3318-9a5e-46f3-88f2-62159b96100c,imagem,Anatomia do Violino,Diagrama educativo das partes do violino,img/violino/anatomia.jpg,upload,,,,,iniciante,,[],0,2,false,2026-02-13 18:01:39.533249
a2205cdd-99d5-4e74-b200-90cbbb29139b,0e52514e-58c3-463a-a6e4-f71a1439f9b7,audio,Capricho Paganini,Capricho nº 24 de Paganini,audio/violino/paganini_caprice.mp3,upload,,,,,avancado,,[],0,9,false,2026-02-13 18:01:39.533249
a2bed7c7-5c05-48f1-ac53-45d1a10a6554,df49fd27-9bcd-4462-a0f8-b36f0ff9f97f,imagem,Anatomia da Guitarra Elétrica,Diagrama detalhado das partes da guitarra,img/guitarra/anatomia.jpg,upload,,,,,iniciante,,[],0,2,true,2025-06-09 04:29:36.307529
a2c1e8c7-c4c7-42e3-84af-3e7941c2cf2a,761a3318-9a5e-46f3-88f2-62159b96100c,video,Técnica de Vibrato,Demonstração da técnica de vibrato no violino,https://youtube.com/watch?v=violin_vibrato,youtube,,,,tutorial,avancado,,[],0,5,true,2026-02-13 18:01:39.533249
a2f560dd-be85-443c-b8cc-a5cfe55d8294,794f42a6-619a-4ca3-8f1b-c3ac7a9e7a08,imagem,Partes da flauta,Imagem com as partes anotadas da flauta.,/midias/flauta/partes.jpg,upload,,,,tecnica,iniciante,,"[""anatomia"",""flauta""]",0,0,true,2025-06-15 19:42:58.828009
a2f89d22-71cd-463a-92fa-863720bdba4a,13912e91-7b48-4a8d-82b7-b59515c2a0d3,imagem,Postura do Violinista,Demonstração da postura correta para tocar violino,img/violino/postura.jpg,upload,,,,,iniciante,,[],0,3,true,2026-02-13 17:57:36.711969
a2f9d3db-2ef8-4bd7-a694-4d306fdcaab5,4d78c5a4-04bf-452d-b326-83e7c72c10ef,video,Ave Maria - Schubert,Performance clássica da famosa peça,https://youtube.com/watch?v=ave_maria_violin,youtube,,,,performance,intermediario,,[],0,6,true,2026-02-13 17:57:36.711969
a3513c28-6cc1-4816-ae65-18e09f86e4ce,4445b5c9-dcdf-4dd3-8ce6-bb04a22127ce,3d,Modelo 3D Violino,Modelo tridimensional interativo do violino,models/violino_3d.glb,upload,,,,,iniciante,,[],0,10,true,2026-02-13 18:01:39.533249
a35b7b8a-3087-4553-b79f-3654a80e3dfd,ac116dcb-4fd4-4ef6-b6fb-f4ff1287bf68,video,Ave Maria - Schubert (rep),Performance clássica da famosa peça,https://youtube.com/watch?v=ave_maria_violin,youtube,,,,performance,intermediario,,[],0,6,true,2026-02-13 18:01:39.533249
a374fa6b-a876-4bbb-83a9-a1eef38ca7dc,cca87ab1-8ad4-4876-a8d8-190f85927952,3d,Modelo 3D Violino (rep),Modelo tridimensional interativo do violino,models/violino_3d.glb,upload,,,,,iniciante,,[],0,10,true,2026-02-13 18:01:39.533249
a37b55d4-9725-48c4-8d2d-7b5b5da327de,35da6877-2528-4f37-9ab4-b44893ad1dbf,video,Violino no Jazz,Improvisação jazzística no violino,https://youtube.com/watch?v=jazz_violin,youtube,,,,performance,avancado,,[],0,7,true,2026-02-13 18:01:39.533249
a3a86411-dbdb-4e2c-8caf-92dbbd600ce8,df42056c-8a3e-454c-aeca-73b4d608b85c,3d,Modelo 3D Violino,Modelo tridimensional interativo do violino,models/violino_3d.glb,upload,,,,,iniciante,,[],0,10,true,2026-02-13 17:57:36.711969
a3be9eda-3941-488d-bdc6-a32322bcc656,df49fd27-9bcd-4462-a0f8-b36f0ff9f97f,3d,Modelo 3D Guitarra Elétrica,Modelo interativo mostrando todos os componentes,models/guitarra_eletrica_3d.glb,upload,,,,,iniciante,,[],0,10,true,2025-06-09 04:29:36.307529
a3c6f334-e604-4a8b-8d2e-02bfb3a2eb52,64b94e98-6ad2-4e7f-9aa0-b57f6bb58df1,audio,Capricho Paganini,Capricho nº 24 de Paganini,audio/violino/paganini_caprice.mp3,upload,,,,,avancado,,[],0,9,true,2026-02-13 17:57:36.711969
a3da6568-ca04-46b0-b988-3bd266f5eb36,bee0f63a-e248-4f2c-9325-0a23cb3c5a8e,3d,Modelo 3D Violino,Modelo tridimensional interativo do violino,models/violino_3d.glb,upload,,,,,iniciante,,[],0,10,false,2026-02-13 18:01:39.533249
a3e249f7-a4d0-4d10-b85c-e6b0ce7e3199,56e32061-7ed6-495d-9bc1-00cdb345b02e,video,Violino no Jazz (rep),Improvisação jazzística no violino,https://youtube.com/watch?v=jazz_violin,youtube,,,,performance,avancado,,[],0,7,false,2026-02-13 18:01:39.533249
a3fde0d9-a7e0-4275-ab4b-b2bfadc47f97,8fbba87d-39e1-4542-b8bb-7c815fdc2b9a,imagem,Anatomia do Violino (rep),Diagrama educativo das partes do violino,img/violino/anatomia.jpg,upload,,,,,iniciante,,[],0,2,true,2026-02-13 18:01:39.533249
a41b76e4-7854-405c-a897-c5f289301f51,7b6ae164-dfdf-452d-a5c3-d01554861444,video,Técnica de Vibrato,Demonstração da técnica de vibrato no violino,https://youtube.com/watch?v=violin_vibrato,youtube,,,,tutorial,avancado,,[],0,5,true,2026-02-13 18:01:39.533249
a41cc4a7-9512-4cdc-bb75-2de85e8dad47,4445b5c9-dcdf-4dd3-8ce6-bb04a22127ce,imagem,Postura do Violinista,Demonstração da postura correta para tocar violino,img/violino/postura.jpg,upload,,,,,iniciante,,[],0,3,true,2026-02-13 18:01:39.533249
a42c88fd-f402-4fe9-a532-191b6315015b,4445b5c9-dcdf-4dd3-8ce6-bb04a22127ce,audio,Concerto Tchaikovsky,Primeiro movimento do famoso concerto,audio/violino/tchaikovsky_concerto.mp3,upload,,,,,avancado,,[],0,8,true,2026-02-13 18:01:39.533249
a430b299-2761-4c19-bb31-797760a1e653,df42056c-8a3e-454c-aeca-73b4d608b85c,audio,Concerto Tchaikovsky,Primeiro movimento do famoso concerto,audio/violino/tchaikovsky_concerto.mp3,upload,,,,,avancado,,[],0,8,true,2026-02-13 17:57:36.711969
a443a470-c63a-4db6-b2b0-03ac91bf3d9f,56e32061-7ed6-495d-9bc1-00cdb345b02e,video,Primeiros Passos no Violino,Aula básica de como segurar o violino e o arco,https://youtube.com/watch?v=violin_basics,youtube,,,,tutorial,iniciante,,[],0,4,true,2026-02-13 18:01:39.533249
a44546b3-9c91-474b-a91f-9a32d7c77a0c,8fbba87d-39e1-4542-b8bb-7c815fdc2b9a,imagem,Postura do Violinista,Demonstração da postura correta para tocar violino,img/violino/postura.jpg,upload,,,,,iniciante,,[],0,3,true,2026-02-13 18:01:39.533249
a4538403-4b2c-410d-87f6-2afde1cf72fc,6925f61b-ba48-473a-b69a-e3548036c1df,video,Primeiros Passos no Violino,Aula básica de como segurar o violino e o arco,https://youtube.com/watch?v=violin_basics,youtube,,,,tutorial,iniciante,,[],0,4,true,2026-02-13 17:57:36.711969
a45d2a73-fd9f-47f4-b156-6fa1ad2edfdd,1f8c0a22-f3fc-4f51-8938-6e1cc6e24f85,video,Primeiros Passos no Violino,Aula básica de como segurar o violino e o arco,https://youtube.com/watch?v=violin_basics,youtube,,,,tutorial,iniciante,,[],0,4,true,2026-02-13 18:01:39.533249
a4672198-e9bd-4c57-ae86-74774485f465,794f42a6-619a-4ca3-8f1b-c3ac7a9e7a08,video,Embocadura básica,Formação do som na flauta.,https://www.youtube.com/watch?v=flauta2,youtube,,,,tecnica,iniciante,240,"[""embocadura"",""flauta""]",0,0,true,2025-06-15 19:42:58.828009
a46a4829-4105-4039-a511-73bd1f2961a0,ee709f67-e4e4-4f9c-9001-7574e4d8dfa0,video,Técnica de Vibrato,Demonstração da técnica de vibrato no violino,https://youtube.com/watch?v=violin_vibrato,youtube,,,,tutorial,avancado,,[],0,5,false,2026-02-13 18:01:39.533249
a484e7ed-9ff8-4418-8d72-5ef57604ace9,df49fd27-9bcd-4462-a0f8-b36f0ff9f97f,3d,Modelo 3D Guitarra Elétrica,Modelo interativo mostrando todos os componentes,models/guitarra_eletrica_3d.glb,upload,,,,,iniciante,,[],0,10,true,2025-06-09 04:27:22.284765
a4b45df7-ef04-4a19-943f-0916de527de9,412c40b6-f4fc-4379-9d6f-5ce0ec2d669d,audio,Spiccato,Exemplo de spiccato.,/midias/violoncelo/spiccato.mp3,upload,,,,tecnica,intermediario,60,"[""spiccato"",""violoncelo""]",0,0,true,2025-06-15 19:35:06.847648
a4cced68-0236-489a-b6e6-8a701b64ab5d,ab9720a5-1973-484e-9a44-d4aa62594336,audio,Acordes Básicos Progressão,Sequência I-vi-IV-V em Dó Maior,/audio/piano/progressao_acordes.mp3,upload,,,,demonstracao,iniciante,60,"[""acordes"",""progressao"",""harmonia""]",0,0,true,2025-06-08 18:57:54.942465
a4f8c4b1-a66c-482a-94e4-6d0e46c89a87,13912e91-7b48-4a8d-82b7-b59515c2a0d3,video,Violino no Jazz,Improvisação jazzística no violino,https://youtube.com/watch?v=jazz_violin,youtube,,,,performance,avancado,,[],0,7,true,2026-02-13 18:01:39.533249
a4fcaa67-7f4c-4631-b007-c39e148d60f2,96b547b5-e685-40f8-952c-9dfce2ad4dc6,audio,Concerto Tchaikovsky (rep),Primeiro movimento do famoso concerto,audio/violino/tchaikovsky_concerto.mp3,upload,,,,,avancado,,[],0,8,true,2026-02-13 18:01:39.533249
a543ac26-0b6c-44cd-950a-d12af46653c3,df49fd27-9bcd-4462-a0f8-b36f0ff9f97f,video,Técnica de Vibrato,Demonstração da técnica de vibrato no violino,https://youtube.com/watch?v=violin_vibrato,youtube,,,,tutorial,avancado,,[],0,5,true,2026-02-13 17:57:36.711969
a55ca635-a8b4-47a8-a55c-378ed84ae1f5,b73f1d80-3d73-487e-89b8-ab35274a8dd4,audio,Expressão,Execução expressiva.,/midias/contrabaixo/expressao.mp3,upload,,,,tecnica,intermediario,60,"[""expressao"",""contrabaixo""]",0,0,true,2025-06-16 05:28:34.120792
a576ebb5-a7e8-4fe4-8f86-79cff6f02e07,1f8c0a22-f3fc-4f51-8938-6e1cc6e24f85,imagem,Anatomia do Violino,Diagrama educativo das partes do violino,img/violino/anatomia.jpg,upload,,,,,iniciante,,[],0,2,true,2026-02-13 17:57:36.711969
a588f3f9-753d-44b9-b612-7b91ba6b1962,1b699036-0f72-4c48-9801-e01f6f25e165,3d,Modelo 3D Violino,Modelo tridimensional interativo do violino,models/violino_3d.glb,upload,,,,,iniciante,,[],0,10,false,2026-02-13 18:01:39.533249
a5963843-49d3-404f-a1f0-02fc77e7f859,36b9d36d-f65b-4ba1-89be-4ab3707e874c,video,Improviso,Improviso no fagote.,https://www.youtube.com/watch?v=fagote8,youtube,,,,performance,avancado,300,"[""improviso"",""fagote""]",0,0,true,2025-06-20 02:48:24.932103
a59954ed-8b47-4e6c-9fdb-612f6c61f4f7,4bc1c064-fa97-43f5-b6d7-d466ca66635d,3d,Modelo 3D Violino (rep),Modelo tridimensional interativo do violino,models/violino_3d.glb,upload,,,,,iniciante,,[],0,10,true,2026-02-13 18:01:39.533249
a5a22622-849a-4d39-820c-ec0165fd7830,1f8c0a22-f3fc-4f51-8938-6e1cc6e24f85,video,Violino no Jazz,Improvisação jazzística no violino,https://youtube.com/watch?v=jazz_violin,youtube,,,,performance,avancado,,[],0,7,true,2026-02-13 18:01:39.533249
a5aa8e5c-5dd5-4bf0-b03a-0f622c714c85,13912e91-7b48-4a8d-82b7-b59515c2a0d3,imagem,Violino Stradivarius,Violino clássico de luthier famoso mostrando detalhes da madeira,img/violino/stradivarius.jpg,upload,,,,,iniciante,,[],0,1,true,2026-02-13 18:01:39.533249
a5b608ca-9136-4639-bdea-e33f0d0db957,df168c2e-275a-44ed-9ee7-af356bf724e5,imagem,Anatomia do Violino (rep),Diagrama educativo das partes do violino,img/violino/anatomia.jpg,upload,,,,,iniciante,,[],0,2,false,2026-02-13 18:01:39.533249
a5c796e9-8d8d-4119-ba71-a0c7bafd3173,453ca164-6f0e-4554-b008-dd68bf4586c2,video,Violino no Jazz,Improvisação jazzística no violino,https://youtube.com/watch?v=jazz_violin,youtube,,,,performance,avancado,,[],0,7,false,2026-02-13 18:01:39.533249
a60443bc-0ce7-424f-9201-81408eab5b0c,34f9e29b-3d22-464a-b31c-c3f4fbb73328,3d,Modelo 3D Violino (rep),Modelo tridimensional interativo do violino,models/violino_3d.glb,upload,,,,,iniciante,,[],0,10,false,2026-02-13 18:01:39.533249
a609ee01-13dc-4114-8e31-36cca49cadce,57d10b2f-c49f-460d-8fab-3da3065c15c2,video,Violino no Jazz,Improvisação jazzística no violino,https://youtube.com/watch?v=jazz_violin,youtube,,,,performance,avancado,,[],0,7,false,2026-02-13 18:01:39.533249
a65500a3-737d-4d57-99aa-0e08c0c3d420,c75fe646-ff86-4420-98f0-a0f25d39de45,audio,Capricho Paganini,Capricho nº 24 de Paganini,audio/violino/paganini_caprice.mp3,upload,,,,,avancado,,[],0,9,true,2026-02-13 18:01:39.533249
a6771434-1e00-48e8-adb5-a8f5440b499e,cca87ab1-8ad4-4876-a8d8-190f85927952,imagem,Anatomia do Violino,Diagrama educativo das partes do violino,img/violino/anatomia.jpg,upload,,,,,iniciante,,[],0,2,false,2026-02-13 18:01:39.533249
a6966046-2f94-4dde-9e79-922a092b0d9f,df49fd27-9bcd-4462-a0f8-b36f0ff9f97f,video,Primeiros Acordes na Guitarra,Tutorial básico dos acordes fundamentais,https://youtube.com/watch?v=guitar_chords,youtube,,,,tutorial,iniciante,,[],0,4,true,2025-06-09 04:29:36.307529
a6d00b67-e81e-4258-aae3-c64c0eae9609,509d6a26-159a-4976-aa46-83f914f930aa,imagem,Violino Stradivarius,Violino clássico de luthier famoso mostrando detalhes da madeira,img/violino/stradivarius.jpg,upload,,,,,iniciante,,[],0,1,false,2026-02-13 18:01:39.533249
a70072cd-a10c-4a5b-bd31-2cccf8d26eff,0e52514e-58c3-463a-a6e4-f71a1439f9b7,imagem,Violino Stradivarius,Violino clássico de luthier famoso mostrando detalhes da madeira,img/violino/stradivarius.jpg,upload,,,,,iniciante,,[],0,1,false,2026-02-13 18:01:39.533249
a7167602-f115-475b-8269-bcc5ea2516e0,8fbba87d-39e1-4542-b8bb-7c815fdc2b9a,audio,Capricho Paganini,Capricho nº 24 de Paganini,audio/violino/paganini_caprice.mp3,upload,,,,,avancado,,[],0,9,false,2026-02-13 18:01:39.533249
a737cf5a-3862-4a1d-8514-56853e01fc7f,8ddb4eea-18b9-4b8f-bb85-16a1f5474f87,audio,Capricho Paganini (rep),Capricho nº 24 de Paganini,audio/violino/paganini_caprice.mp3,upload,,,,,avancado,,[],0,9,true,2026-02-13 18:01:39.533249
a744525d-ef50-4d12-b57f-13f6684edb97,9edff4db-9ef5-43fc-970a-7d2086de223b,video,Técnica de Vibrato,Demonstração da técnica de vibrato no violino,https://youtube.com/watch?v=violin_vibrato,youtube,,,,tutorial,avancado,,[],0,5,false,2026-02-13 18:01:39.533249
a74784e8-7ca2-4915-a0a9-20b6d74a33e5,c75fe646-ff86-4420-98f0-a0f25d39de45,imagem,Postura do Violinista,Demonstração da postura correta para tocar violino,img/violino/postura.jpg,upload,,,,,iniciante,,[],0,3,true,2026-02-13 17:57:36.711969
a74db3b2-93f5-4260-8d92-06a3364f6304,9a5e0eac-114e-4173-90af-32b55c870675,video,Primeiros Passos no Violino (rep),Aula básica de como segurar o violino e o arco,https://youtube.com/watch?v=violin_basics,youtube,,,,tutorial,iniciante,,[],0,4,true,2026-02-13 18:01:39.533249
a772d6e5-fa77-4672-a6e8-a9c6c8f8ab31,b7425269-f2bb-454c-8c61-e3e9d028c9b4,imagem,Anatomia do Violino,Diagrama educativo das partes do violino,img/violino/anatomia.jpg,upload,,,,,iniciante,,[],0,2,true,2026-02-13 18:01:39.533249
a794d4a2-0661-4ffa-b878-750c7560e8d4,36b9d36d-f65b-4ba1-89be-4ab3707e874c,imagem,Fagote em orquestra,Fagote em uso orquestral.,/midias/fagote/orquestra.jpg,upload,,,,performance,intermediario,,"[""orquestra"",""fagote""]",0,0,true,2025-06-20 02:48:24.932103
a79844a4-d30c-455b-a125-59fecbebff8e,df49fd27-9bcd-4462-a0f8-b36f0ff9f97f,audio,Eruption - Van Halen,Solo revolucionário que introduziu o tapping,audio/guitarra/eruption_vanhalen.mp3,upload,,,,,avancado,,[],0,8,true,2025-06-09 04:29:36.307529
a79a35a6-ed7e-402e-be76-f59644378982,8fbba87d-39e1-4542-b8bb-7c815fdc2b9a,video,Técnica de Vibrato,Demonstração da técnica de vibrato no violino,https://youtube.com/watch?v=violin_vibrato,youtube,,,,tutorial,avancado,,[],0,5,true,2026-02-13 18:01:39.533249
a8142b08-6531-4296-8d3a-b8f42fa65cca,35aff373-706c-47d8-8004-d8edcddb1e0c,audio,Pop,Exemplo pop.,/midias/baixo/pop.mp3,upload,,,,tecnica,iniciante,60,"[""pop"",""baixo""]",0,0,true,2025-06-16 04:38:10.049188
a81f39b5-46c0-4d06-88c2-c5600dc84401,453ca164-6f0e-4554-b008-dd68bf4586c2,video,Primeiros Passos no Violino (rep),Aula básica de como segurar o violino e o arco,https://youtube.com/watch?v=violin_basics,youtube,,,,tutorial,iniciante,,[],0,4,true,2026-02-13 18:01:39.533249
a83ccee5-7edd-4bd5-a932-3a0d3d6d5f3d,26cadf44-6d7b-4f9b-85d6-6b2c40715f45,imagem,Chaves do saxofone,Detalhe das chaves.,/midias/saxofone/chaves.jpg,upload,,,,tecnica,iniciante,,"[""chaves"",""saxofone""]",0,0,true,2025-06-16 00:56:26.375072
a844f337-c896-4aa4-be82-9f680f9e1a4c,36040329-1aa6-428a-ad39-cd85de03493e,video,Violino no Jazz,Improvisação jazzística no violino,https://youtube.com/watch?v=jazz_violin,youtube,,,,performance,avancado,,[],0,7,false,2026-02-13 18:01:39.533249
a85e0cbc-b141-408f-a6d8-98688abf3678,8fbba87d-39e1-4542-b8bb-7c815fdc2b9a,video,Técnica de Vibrato (rep),Demonstração da técnica de vibrato no violino,https://youtube.com/watch?v=violin_vibrato,youtube,,,,tutorial,avancado,,[],0,5,true,2026-02-13 18:01:39.533249
a8838f54-3f73-44a0-85c7-d2cb2a99839f,7b6ae164-dfdf-452d-a5c3-d01554861444,video,Técnica de Vibrato,Demonstração da técnica de vibrato no violino,https://youtube.com/watch?v=violin_vibrato,youtube,,,,tutorial,avancado,,[],0,5,true,2026-02-13 18:01:39.533249
a8c76dbc-d314-479a-b5c5-03ac90b8220e,8bd473f1-7b35-4b9e-869a-17fb73c6e047,imagem,Teclado antigo,Foto de teclado histórico.,/midias/teclado/antigo.jpg,upload,,,,historia,avancado,,"[""historia"",""teclado""]",0,0,true,2025-06-15 20:36:24.121938
a8d7542e-8c45-40bb-9804-7c07edbff76b,92ecdeff-3480-4f27-85cd-86f12622cf9f,audio,Capricho Paganini (rep),Capricho nº 24 de Paganini,audio/violino/paganini_caprice.mp3,upload,,,,,avancado,,[],0,9,false,2026-02-13 18:01:39.533249
a90c57cd-2326-4692-bc42-b01cd62b03e1,36040329-1aa6-428a-ad39-cd85de03493e,video,Ave Maria - Schubert,Performance clássica da famosa peça,https://youtube.com/watch?v=ave_maria_violin,youtube,,,,performance,intermediario,,[],0,6,true,2026-02-13 17:57:36.711969
a9396cd5-6732-475c-83ae-1c42f762cf3d,36040329-1aa6-428a-ad39-cd85de03493e,imagem,Postura do Violinista,Demonstração da postura correta para tocar violino,img/violino/postura.jpg,upload,,,,,iniciante,,[],0,3,true,2026-02-13 18:01:39.533249
a93d43ca-24f7-4151-98fe-955f7a3853c3,a0f53672-7d87-4ab4-a64f-b551fc1a380d,video,Violino no Jazz,Improvisação jazzística no violino,https://youtube.com/watch?v=jazz_violin,youtube,,,,performance,avancado,,[],0,7,false,2026-02-13 18:01:39.533249
a943cd53-e5c3-458e-89af-ebdb8421c501,b73f1d80-3d73-487e-89b8-ab35274a8dd4,video,Harmônicos,Uso de harmônicos.,https://www.youtube.com/watch?v=contrabaixo10,youtube,,,,tecnica,intermediario,240,"[""harmonicos"",""contrabaixo""]",0,0,true,2025-06-16 05:28:34.120792
a95731e6-ff7c-49e9-a7ac-d70d79d3fc9e,32705505-7727-4d27-b7bd-b08e7c90c233,video,Ave Maria - Schubert,Performance clássica da famosa peça,https://youtube.com/watch?v=ave_maria_violin,youtube,,,,performance,intermediario,,[],0,6,true,2026-02-13 17:57:36.711969
a977032a-b088-476a-8950-a73d6178bf36,cca87ab1-8ad4-4876-a8d8-190f85927952,video,Técnica de Vibrato (rep),Demonstração da técnica de vibrato no violino,https://youtube.com/watch?v=violin_vibrato,youtube,,,,tutorial,avancado,,[],0,5,true,2026-02-13 18:01:39.533249
a9783c52-f90e-4a83-afd9-98d1aa1a88cc,64b94e98-6ad2-4e7f-9aa0-b57f6bb58df1,imagem,Postura do Violinista,Demonstração da postura correta para tocar violino,img/violino/postura.jpg,upload,,,,,iniciante,,[],0,3,true,2026-02-13 18:01:39.533249
a9798445-b4f9-4fd3-bc07-29ab4491bf32,87ee66bf-bb70-4e70-9aa3-4bff514ced4e,video,Técnica de Vibrato,Demonstração da técnica de vibrato no violino,https://youtube.com/watch?v=violin_vibrato,youtube,,,,tutorial,avancado,,[],0,5,true,2026-02-13 17:57:36.711969
a99035d1-e72d-4699-9e01-0ef58eda15b6,492f792b-8d0c-46b7-a195-c8c32114696d,audio,Capricho Paganini (rep),Capricho nº 24 de Paganini,audio/violino/paganini_caprice.mp3,upload,,,,,avancado,,[],0,9,true,2026-02-13 18:01:39.533249
a99ed2d2-474e-43c0-a047-8e2f61a825c2,bc665a4e-e301-44d3-b8bf-decb09422d71,video,Ave Maria - Schubert (rep),Performance clássica da famosa peça,https://youtube.com/watch?v=ave_maria_violin,youtube,,,,performance,intermediario,,[],0,6,true,2026-02-13 18:01:39.533249
a9a63ea3-5073-4ee0-833c-16f4de122d82,a0f53672-7d87-4ab4-a64f-b551fc1a380d,imagem,Violino Stradivarius,Violino clássico de luthier famoso mostrando detalhes da madeira,img/violino/stradivarius.jpg,upload,,,,,iniciante,,[],0,1,false,2026-02-13 18:01:39.533249
a9d6f2b1-6afd-43ea-8f5e-bbb2c1a76bca,b73f1d80-3d73-487e-89b8-ab35274a8dd4,imagem,Contrabaixo frontal,Foto do contrabaixo acústico.,/midias/contrabaixo/frontal.jpg,upload,,,,tecnica,iniciante,,"[""contrabaixo"",""estrutura""]",0,0,true,2025-06-16 05:28:34.120792
aa1496c3-ad66-40b6-b6b0-3f86452cd3b2,26cadf44-6d7b-4f9b-85d6-6b2c40715f45,audio,Legato,Execução legato.,/midias/saxofone/legato.mp3,upload,,,,tecnica,iniciante,60,"[""legato"",""saxofone""]",0,0,false,2025-06-16 00:57:47.581967
aa15e1e9-82a5-433a-ac73-b8923c0485ce,3957c464-86dc-4aa2-9f09-57b5eb2a6c6a,video,Ave Maria - Schubert (rep),Performance clássica da famosa peça,https://youtube.com/watch?v=ave_maria_violin,youtube,,,,performance,intermediario,,[],0,6,true,2026-02-13 18:01:39.533249
aa1d645d-2a02-44b9-b3a6-ef20119c7357,26cadf44-6d7b-4f9b-85d6-6b2c40715f45,imagem,Partes do saxofone,Imagem com as partes anotadas.,/midias/saxofone/partes.jpg,upload,,,,tecnica,iniciante,,"[""anatomia"",""saxofone""]",0,0,false,2025-06-16 00:57:47.581967
aa5ba85e-b10d-4eb0-8af7-3f6bd50a859b,35da6877-2528-4f37-9ab4-b44893ad1dbf,audio,Concerto Tchaikovsky,Primeiro movimento do famoso concerto,audio/violino/tchaikovsky_concerto.mp3,upload,,,,,avancado,,[],0,8,true,2026-02-13 18:01:39.533249
aa71c4bb-e36a-41d4-ad08-ebb6b985a6ca,63ebeaeb-be5d-4c26-a5cf-f59b71423401,imagem,Violino Stradivarius,Violino clássico de luthier famoso mostrando detalhes da madeira,img/violino/stradivarius.jpg,upload,,,,,iniciante,,[],0,1,false,2026-02-13 18:01:39.533249
aa736359-68c2-4299-8570-ffddc3d65d7b,96b547b5-e685-40f8-952c-9dfce2ad4dc6,3d,Modelo 3D Violino (rep),Modelo tridimensional interativo do violino,models/violino_3d.glb,upload,,,,,iniciante,,[],0,10,true,2026-02-13 18:01:39.533249
aa865261-8414-462a-914f-1918f479c864,b73f1d80-3d73-487e-89b8-ab35274a8dd4,audio,Harmônico,Exemplo harmônico.,/midias/contrabaixo/harmonico.mp3,upload,,,,tecnica,intermediario,60,"[""harmonico"",""contrabaixo""]",0,0,true,2025-06-16 05:28:34.120792
aa8bf41f-80e1-4bde-ad4e-318074f720ae,412c40b6-f4fc-4379-9d6f-5ce0ec2d669d,imagem,Cravelhas,Detalhe das cravelhas do violoncelo.,/midias/violoncelo/cravelhas.jpg,upload,,,,tecnica,iniciante,,"[""cravelhas"",""violoncelo""]",0,0,true,2025-06-15 19:35:06.847648
aad3edff-ed4a-468b-8ac1-5c887f7ab149,fb125188-c48e-4d89-a46e-11c3b600dabd,audio,Capricho Paganini,Capricho nº 24 de Paganini,audio/violino/paganini_caprice.mp3,upload,,,,,avancado,,[],0,9,true,2026-02-13 18:01:39.533249
aaec560a-9c17-486c-b019-3dea769cfc4d,35da6877-2528-4f37-9ab4-b44893ad1dbf,imagem,Postura do Violinista (rep),Demonstração da postura correta para tocar violino,img/violino/postura.jpg,upload,,,,,iniciante,,[],0,3,true,2026-02-13 18:01:39.533249
ab029a59-02ab-4871-bde7-8f773c5240e7,df168c2e-275a-44ed-9ee7-af356bf724e5,video,Violino no Jazz,Improvisação jazzística no violino,https://youtube.com/watch?v=jazz_violin,youtube,,,,performance,avancado,,[],0,7,true,2026-02-13 17:57:36.711969
ab1308db-797f-4d2c-9382-62b57bfa0507,a0f53672-7d87-4ab4-a64f-b551fc1a380d,imagem,Postura do Violinista,Demonstração da postura correta para tocar violino,img/violino/postura.jpg,upload,,,,,iniciante,,[],0,3,false,2026-02-13 18:01:39.533249
ab469d9e-9373-4cb3-b7a1-c6550f9ebc38,b7425269-f2bb-454c-8c61-e3e9d028c9b4,audio,Capricho Paganini (rep),Capricho nº 24 de Paganini,audio/violino/paganini_caprice.mp3,upload,,,,,avancado,,[],0,9,true,2026-02-13 18:01:39.533249
ab514675-90f1-4bfe-9733-ad9e8e192f9a,92ecdeff-3480-4f27-85cd-86f12622cf9f,video,Técnica de Vibrato,Demonstração da técnica de vibrato no violino,https://youtube.com/watch?v=violin_vibrato,youtube,,,,tutorial,avancado,,[],0,5,true,2026-02-13 18:01:39.533249
ab554d36-63b3-4114-b75c-965019a41fe9,9a5e0eac-114e-4173-90af-32b55c870675,audio,Concerto Tchaikovsky,Primeiro movimento do famoso concerto,audio/violino/tchaikovsky_concerto.mp3,upload,,,,,avancado,,[],0,8,true,2026-02-13 18:01:39.533249
ab5c5857-5acf-461d-a943-2c99f75ca2cc,87ee66bf-bb70-4e70-9aa3-4bff514ced4e,audio,Concerto Tchaikovsky,Primeiro movimento do famoso concerto,audio/violino/tchaikovsky_concerto.mp3,upload,,,,,avancado,,[],0,8,true,2026-02-13 18:01:39.533249
ab61af6e-ad77-40e0-831d-d4682443cd0c,df168c2e-275a-44ed-9ee7-af356bf724e5,imagem,Violino Stradivarius,Violino clássico de luthier famoso mostrando detalhes da madeira,img/violino/stradivarius.jpg,upload,,,,,iniciante,,[],0,1,true,2026-02-13 18:01:39.533249
ab72e0d1-1dab-455b-b73e-42aaed4c0c7e,fb125188-c48e-4d89-a46e-11c3b600dabd,video,Ave Maria - Schubert,Performance clássica da famosa peça,https://youtube.com/watch?v=ave_maria_violin,youtube,,,,performance,intermediario,,[],0,6,true,2026-02-13 17:57:36.711969
ab751350-b12a-495d-bc4f-c4a1aa24e910,750450cf-e14e-4f02-944e-b3c1bb0f87a4,video,Villa-Lobos - Estudo nº 1,Performance do famoso estudo de Heitor Villa-Lobos,https://youtube.com/watch?v=villalobos_estudo1,youtube,,,,performance,avancado,180,"[""villa-lobos"",""classico"",""performance""]",0,0,true,2025-06-08 01:05:48.886576
ac37e439-3404-4224-a598-f11df57bab74,8bd473f1-7b35-4b9e-869a-17fb73c6e047,video,Improviso,Improvisação no teclado.,https://www.youtube.com/watch?v=teclado10,youtube,,,,performance,avancado,300,"[""improviso"",""teclado""]",0,0,true,2025-06-15 20:36:24.121938
ac65152a-f875-4af5-9520-4b2a2d09bdbe,ee709f67-e4e4-4f9c-9001-7574e4d8dfa0,imagem,Violino Stradivarius,Violino clássico de luthier famoso mostrando detalhes da madeira,img/violino/stradivarius.jpg,upload,,,,,iniciante,,[],0,1,true,2026-02-13 18:01:39.533249
ac6a53f4-eba5-4dbe-9fd7-c08cbd564b75,e48ad87b-d237-45e4-a707-05374c4240fa,video,Violino no Jazz,Improvisação jazzística no violino,https://youtube.com/watch?v=jazz_violin,youtube,,,,performance,avancado,,[],0,7,true,2026-02-13 17:57:36.711969
ac6bea0c-92bd-43a4-b7f3-b9f8a755981c,56e32061-7ed6-495d-9bc1-00cdb345b02e,video,Ave Maria - Schubert,Performance clássica da famosa peça,https://youtube.com/watch?v=ave_maria_violin,youtube,,,,performance,intermediario,,[],0,6,true,2026-02-13 18:01:39.533249
ac87b0bf-28f7-456c-9828-2ad80413c9d7,2abbd218-b737-410e-934b-f9c8f3d2b806,imagem,Violino Stradivarius (rep),Violino clássico de luthier famoso mostrando detalhes da madeira,img/violino/stradivarius.jpg,upload,,,,,iniciante,,[],0,1,true,2026-02-13 18:01:39.533249
ac9b16ca-f1d8-424b-937a-3a7fc5a77c17,96b547b5-e685-40f8-952c-9dfce2ad4dc6,imagem,Violino Stradivarius,Violino clássico de luthier famoso mostrando detalhes da madeira,img/violino/stradivarius.jpg,upload,,,,,iniciante,,[],0,1,true,2026-02-13 18:01:39.533249
aca57d84-e1ec-4361-928c-dda8fc83bada,9b42a23b-ac7f-42e1-8a04-bde4c525fbde,video,Harmônicos,Uso de harmônicos.,https://www.youtube.com/watch?v=oboe9,youtube,,,,tecnica,intermediario,240,"[""harmonicos"",""oboe""]",0,0,true,2025-06-20 05:15:55.927047
acccba70-628a-4274-b6c6-f1c0814445cb,0e52514e-58c3-463a-a6e4-f71a1439f9b7,video,Primeiros Passos no Violino,Aula básica de como segurar o violino e o arco,https://youtube.com/watch?v=violin_basics,youtube,,,,tutorial,iniciante,,[],0,4,false,2026-02-13 18:01:39.533249
accd9190-d437-444d-9136-b3cc149a2945,cca87ab1-8ad4-4876-a8d8-190f85927952,audio,Capricho Paganini (rep),Capricho nº 24 de Paganini,audio/violino/paganini_caprice.mp3,upload,,,,,avancado,,[],0,9,true,2026-02-13 18:01:39.533249
ad0ba280-6a44-456f-b669-d6abdcdcda93,8ddb4eea-18b9-4b8f-bb85-16a1f5474f87,video,Técnica de Vibrato,Demonstração da técnica de vibrato no violino,https://youtube.com/watch?v=violin_vibrato,youtube,,,,tutorial,avancado,,[],0,5,false,2026-02-13 18:01:39.533249
ad0d0876-c8ef-4395-a1a4-f4215c9be99d,ac116dcb-4fd4-4ef6-b6fb-f4ff1287bf68,imagem,Violino Stradivarius,Violino clássico de luthier famoso mostrando detalhes da madeira,img/violino/stradivarius.jpg,upload,,,,,iniciante,,[],0,1,true,2026-02-13 17:57:36.711969
ad0f7188-7601-451b-bb9e-2a3e30d103ab,11a7bc0c-232f-40dc-92ac-4d15aebd2d52,3d,Modelo 3D Violino (rep),Modelo tridimensional interativo do violino,models/violino_3d.glb,upload,,,,,iniciante,,[],0,10,false,2026-02-13 18:01:39.533249
ad2a429c-bf5b-4f5b-bdd3-62becddca3b5,ac116dcb-4fd4-4ef6-b6fb-f4ff1287bf68,imagem,Violino Stradivarius,Violino clássico de luthier famoso mostrando detalhes da madeira,img/violino/stradivarius.jpg,upload,,,,,iniciante,,[],0,1,false,2026-02-13 18:01:39.533249
ad4de2f2-d15a-440b-8256-a4e3e5ddbe04,e48ad87b-d237-45e4-a707-05374c4240fa,3d,Modelo 3D Violino (rep),Modelo tridimensional interativo do violino,models/violino_3d.glb,upload,,,,,iniciante,,[],0,10,true,2026-02-13 18:01:39.533249
ada6971c-1bde-4eda-a8b8-a1410b064c7d,794f42a6-619a-4ca3-8f1b-c3ac7a9e7a08,imagem,Flauta desmontada,Partes separadas.,/midias/flauta/desmontada.jpg,upload,,,,tecnica,iniciante,,"[""desmontada"",""flauta""]",0,0,true,2025-06-15 19:42:58.828009
add2fb3f-d346-45c7-aa5b-6e68d9f16db9,36040329-1aa6-428a-ad39-cd85de03493e,imagem,Anatomia do Violino,Diagrama educativo das partes do violino,img/violino/anatomia.jpg,upload,,,,,iniciante,,[],0,2,true,2026-02-13 18:01:39.533249
ae4a7460-63ac-4c4e-bb4e-36e9195d045a,750450cf-e14e-4f02-944e-b3c1bb0f87a4,video,Violino no Jazz,Improvisação jazzística no violino,https://youtube.com/watch?v=jazz_violin,youtube,,,,performance,avancado,,[],0,7,true,2026-02-13 17:57:36.711969
ae5c48a9-91ac-4c7e-a878-2ebb12a1d15c,82052c70-0a9d-4d94-873e-3b402e032f55,imagem,Postura do Violinista,Demonstração da postura correta para tocar violino,img/violino/postura.jpg,upload,,,,,iniciante,,[],0,3,true,2026-02-13 18:01:39.533249
ae7aaef3-a34b-4192-a0d8-dee8cca1f1b3,32705505-7727-4d27-b7bd-b08e7c90c233,video,Técnica de Vibrato,Demonstração da técnica de vibrato no violino,https://youtube.com/watch?v=violin_vibrato,youtube,,,,tutorial,avancado,,[],0,5,true,2026-02-13 18:01:39.533249
ae8f85a3-7ad9-45f4-8c62-c923af9387bf,3957c464-86dc-4aa2-9f09-57b5eb2a6c6a,video,Ave Maria - Schubert,Performance clássica da famosa peça,https://youtube.com/watch?v=ave_maria_violin,youtube,,,,performance,intermediario,,[],0,6,true,2026-02-13 18:01:39.533249
ae96fd88-a923-449a-aea7-219e694d3439,492f792b-8d0c-46b7-a195-c8c32114696d,video,Técnica de Vibrato,Demonstração da técnica de vibrato no violino,https://youtube.com/watch?v=violin_vibrato,youtube,,,,tutorial,avancado,,[],0,5,false,2026-02-13 18:01:39.533249
ae9a8000-220c-4c46-a7a3-44b49f004554,7b6ae164-dfdf-452d-a5c3-d01554861444,3d,Modelo 3D Violino (rep),Modelo tridimensional interativo do violino,models/violino_3d.glb,upload,,,,,iniciante,,[],0,10,false,2026-02-13 18:01:39.533249
ae9c9ee2-3311-4676-8718-93772b25e233,761a3318-9a5e-46f3-88f2-62159b96100c,3d,Modelo 3D Violino,Modelo tridimensional interativo do violino,models/violino_3d.glb,upload,,,,,iniciante,,[],0,10,false,2026-02-13 18:01:39.533249
aeb191e7-fd23-49c9-9304-ade2b35662eb,3702e3f9-bc82-42b6-ae32-c770081b3ec2,audio,Concerto Tchaikovsky (rep),Primeiro movimento do famoso concerto,audio/violino/tchaikovsky_concerto.mp3,upload,,,,,avancado,,[],0,8,true,2026-02-13 18:01:39.533249
aeb1c73b-a935-4293-80f5-67635d7dccd9,fb125188-c48e-4d89-a46e-11c3b600dabd,audio,Concerto Tchaikovsky (rep),Primeiro movimento do famoso concerto,audio/violino/tchaikovsky_concerto.mp3,upload,,,,,avancado,,[],0,8,false,2026-02-13 18:01:39.533249
aebe1701-91e4-4a34-b228-5c3473209c55,509d6a26-159a-4976-aa46-83f914f930aa,3d,Modelo 3D Violino (rep),Modelo tridimensional interativo do violino,models/violino_3d.glb,upload,,,,,iniciante,,[],0,10,true,2026-02-13 18:01:39.533249
aed0efc5-bb9f-4208-86c6-5728f174f193,35aff373-706c-47d8-8004-d8edcddb1e0c,audio,Improviso,Improviso baixo.,/midias/baixo/improviso.mp3,upload,,,,performance,avancado,180,"[""improviso"",""baixo""]",0,0,true,2025-06-16 04:38:10.049188
aee44d34-6bbe-45f6-a06f-8f67d5051cfd,750450cf-e14e-4f02-944e-b3c1bb0f87a4,3d,Modelo 3D Violino,Modelo tridimensional interativo do violino,models/violino_3d.glb,upload,,,,,iniciante,,[],0,10,true,2026-02-13 17:57:36.711969
aee5ec41-e929-4248-9909-6471578c0e90,4445b5c9-dcdf-4dd3-8ce6-bb04a22127ce,video,Primeiros Passos no Violino,Aula básica de como segurar o violino e o arco,https://youtube.com/watch?v=violin_basics,youtube,,,,tutorial,iniciante,,[],0,4,true,2026-02-13 18:01:39.533249
af11b600-f019-40e2-ba01-67aefcb9bd1e,8fbba87d-39e1-4542-b8bb-7c815fdc2b9a,imagem,Postura do Violinista,Demonstração da postura correta para tocar violino,img/violino/postura.jpg,upload,,,,,iniciante,,[],0,3,true,2026-02-13 17:57:36.711969
af52d753-ca52-4f03-b944-1675207af6eb,8ddb4eea-18b9-4b8f-bb85-16a1f5474f87,3d,Modelo 3D Violino (rep),Modelo tridimensional interativo do violino,models/violino_3d.glb,upload,,,,,iniciante,,[],0,10,true,2026-02-13 18:01:39.533249
af6d852f-8d78-4636-8b13-6a4a03226123,6b11dc1a-295f-4458-9c08-2bcec09ff3ec,video,Ave Maria - Schubert (rep),Performance clássica da famosa peça,https://youtube.com/watch?v=ave_maria_violin,youtube,,,,performance,intermediario,,[],0,6,false,2026-02-13 18:01:39.533249
af960947-efda-4ac7-b413-9d3ab7ec8973,13912e91-7b48-4a8d-82b7-b59515c2a0d3,3d,Modelo 3D Violino,Modelo tridimensional interativo do violino,models/violino_3d.glb,upload,,,,,iniciante,,[],0,10,true,2026-02-13 17:57:36.711969
afadaad9-9cbd-40de-bde2-f2e6400c47e4,11a7bc0c-232f-40dc-92ac-4d15aebd2d52,imagem,Anatomia do Violino,Diagrama educativo das partes do violino,img/violino/anatomia.jpg,upload,,,,,iniciante,,[],0,2,true,2026-02-13 17:57:36.711969
afdcbd56-7b23-4811-a00c-2e2cd2f761c2,56f643e0-a3e2-4067-84ac-334c454426f8,video,Ave Maria - Schubert,Performance clássica da famosa peça,https://youtube.com/watch?v=ave_maria_violin,youtube,,,,performance,intermediario,,[],0,6,true,2026-02-13 17:57:36.711969
afef7fe0-a800-4a46-b706-e24888dce378,ee709f67-e4e4-4f9c-9001-7574e4d8dfa0,audio,Concerto Tchaikovsky (rep),Primeiro movimento do famoso concerto,audio/violino/tchaikovsky_concerto.mp3,upload,,,,,avancado,,[],0,8,true,2026-02-13 18:01:39.533249
b0051ec2-ee89-48f7-841e-7246b01ff393,c75fe646-ff86-4420-98f0-a0f25d39de45,3d,Modelo 3D Violino,Modelo tridimensional interativo do violino,models/violino_3d.glb,upload,,,,,iniciante,,[],0,10,true,2026-02-13 18:01:39.533249
b04185f0-3e1f-4b79-9c36-67fbc3a637a2,ac116dcb-4fd4-4ef6-b6fb-f4ff1287bf68,video,Violino no Jazz,Improvisação jazzística no violino,https://youtube.com/watch?v=jazz_violin,youtube,,,,performance,avancado,,[],0,7,true,2026-02-13 18:01:39.533249
b0589403-1ec4-4932-815b-00397bf5607f,80436b4f-15c1-452f-9442-34e42b5117e4,imagem,Anatomia do Violino,Diagrama educativo das partes do violino,img/violino/anatomia.jpg,upload,,,,,iniciante,,[],0,2,true,2025-06-09 03:41:34.794455
b06ab573-e578-456e-8f37-f2809f445bb1,1f8c0a22-f3fc-4f51-8938-6e1cc6e24f85,video,Técnica de Vibrato,Demonstração da técnica de vibrato no violino,https://youtube.com/watch?v=violin_vibrato,youtube,,,,tutorial,avancado,,[],0,5,true,2026-02-13 18:01:39.533249
b076a9cf-5636-498d-9937-d525624922c8,7b6ae164-dfdf-452d-a5c3-d01554861444,imagem,Violino Stradivarius,Violino clássico de luthier famoso mostrando detalhes da madeira,img/violino/stradivarius.jpg,upload,,,,,iniciante,,[],0,1,true,2026-02-13 17:57:36.711969
b09007b6-89e6-4ca0-b8de-5c62816f04a3,36b9d36d-f65b-4ba1-89be-4ab3707e874c,imagem,Vista lateral,Vista lateral do fagote.,/midias/fagote/lateral.jpg,upload,,,,tecnica,iniciante,,"[""estrutura"",""fagote""]",0,0,true,2025-06-20 02:48:24.932103
b093884b-deae-418a-a100-40f894c22429,6b11dc1a-295f-4458-9c08-2bcec09ff3ec,imagem,Postura do Violinista,Demonstração da postura correta para tocar violino,img/violino/postura.jpg,upload,,,,,iniciante,,[],0,3,true,2026-02-13 18:01:39.533249
b0b1e12d-8134-4c4f-acd6-60e6b5d5372a,36b9d36d-f65b-4ba1-89be-4ab3707e874c,imagem,Fagote e partitura,Fagote com partitura.,/midias/fagote/partitura.jpg,upload,,,,tecnica,iniciante,,"[""partitura"",""fagote""]",0,0,true,2025-06-20 02:48:24.932103
b0dab51f-9d5b-4cc4-b266-881f8f71d0b2,80436b4f-15c1-452f-9442-34e42b5117e4,video,Violino no Jazz (rep),Improvisação jazzística no violino,https://youtube.com/watch?v=jazz_violin,youtube,,,,performance,avancado,,[],0,7,true,2026-02-13 18:01:31.997858
b1550076-8edd-4619-8c58-ca7737e2775c,f8653cdb-e2e7-479a-bfff-c8643859b866,video,Ave Maria - Schubert,Performance clássica da famosa peça,https://youtube.com/watch?v=ave_maria_violin,youtube,,,,performance,intermediario,,[],0,6,true,2026-02-13 17:57:36.711969
b17fd8c9-aba1-46be-9735-28024b781ef8,26cadf44-6d7b-4f9b-85d6-6b2c40715f45,audio,Glissando,Execução glissando.,/midias/saxofone/glissando.mp3,upload,,,,tecnica,intermediario,60,"[""glissando"",""saxofone""]",0,0,true,2025-06-16 00:56:26.375072
b1a14da3-6e36-4c16-8835-61f25d94d112,13912e91-7b48-4a8d-82b7-b59515c2a0d3,video,Técnica de Vibrato (rep),Demonstração da técnica de vibrato no violino,https://youtube.com/watch?v=violin_vibrato,youtube,,,,tutorial,avancado,,[],0,5,true,2026-02-13 18:01:39.533249
b1a69a22-9a97-425a-aa81-ce33ae709631,c75fe646-ff86-4420-98f0-a0f25d39de45,audio,Concerto Tchaikovsky,Primeiro movimento do famoso concerto,audio/violino/tchaikovsky_concerto.mp3,upload,,,,,avancado,,[],0,8,true,2026-02-13 17:57:36.711969
b1cd5ceb-3721-4311-aabd-6adafab6a178,f8653cdb-e2e7-479a-bfff-c8643859b866,3d,Modelo 3D Violino,Modelo tridimensional interativo do violino,models/violino_3d.glb,upload,,,,,iniciante,,[],0,10,true,2026-02-13 17:57:36.711969
b1d5072a-3b50-4525-90b7-b2e9713582b0,0b9c8c6b-0e47-471c-b83b-01c931410692,audio,Concerto Tchaikovsky (rep),Primeiro movimento do famoso concerto,audio/violino/tchaikovsky_concerto.mp3,upload,,,,,avancado,,[],0,8,true,2026-02-13 18:01:39.533249
b1e405d9-3105-4dbb-9dde-b4f1b2d633d6,e54b748d-3b1b-48ba-b65e-ec1e476e94ad,imagem,Anatomia do Violino,Diagrama educativo das partes do violino,img/violino/anatomia.jpg,upload,,,,,iniciante,,[],0,2,false,2026-02-13 18:01:39.533249
b1ef7fad-64bd-407e-aaa9-2aacf176f480,cca87ab1-8ad4-4876-a8d8-190f85927952,imagem,Postura do Violinista (rep),Demonstração da postura correta para tocar violino,img/violino/postura.jpg,upload,,,,,iniciante,,[],0,3,true,2026-02-13 18:01:39.533249
b1f6f2df-fad5-4a33-bfd4-a9abccc11de2,492f792b-8d0c-46b7-a195-c8c32114696d,video,Ave Maria - Schubert,Performance clássica da famosa peça,https://youtube.com/watch?v=ave_maria_violin,youtube,,,,performance,intermediario,,[],0,6,true,2026-02-13 17:57:36.711969
b20762db-4909-4de2-a5f1-b6a31e0384f3,26cadf44-6d7b-4f9b-85d6-6b2c40715f45,imagem,Sax desmontado,Partes separadas.,/midias/saxofone/desmontado.jpg,upload,,,,tecnica,iniciante,,"[""desmontado"",""saxofone""]",0,0,false,2025-06-16 00:57:47.581967
b2145199-468e-4b4c-be82-548fdb03e7f2,412c40b6-f4fc-4379-9d6f-5ce0ec2d669d,imagem,Violoncelo em orquestra,Foto de violoncelista em orquestra.,/midias/violoncelo/orquestra.jpg,upload,,,,performance,intermediario,,"[""performance"",""orquestra"",""violoncelo""]",0,0,true,2025-06-15 19:35:06.847648
b215a9df-0d56-40d2-91ae-b6c1c1e673e5,9c3a903d-8750-4ded-9341-c876a6d6de93,video,Primeiros Passos no Violino,Aula básica de como segurar o violino e o arco,https://youtube.com/watch?v=violin_basics,youtube,,,,tutorial,iniciante,,[],0,4,true,2026-02-13 17:57:36.711969
b21ccaad-8a07-435d-8b3b-8ec8e9e0b487,174f6ed4-3c21-444a-acfa-5149f53f2ca0,imagem,Postura do Violinista,Demonstração da postura correta para tocar violino,img/violino/postura.jpg,upload,,,,,iniciante,,[],0,3,false,2026-02-13 18:01:39.533249
b24c101f-da2f-4c55-93e9-a9802da62a91,63ebeaeb-be5d-4c26-a5cf-f59b71423401,3d,Modelo 3D Violino,Modelo tridimensional interativo do violino,models/violino_3d.glb,upload,,,,,iniciante,,[],0,10,true,2026-02-13 17:57:36.711969
b24f5ea2-74e5-4cb8-8647-397c299e1018,6b11dc1a-295f-4458-9c08-2bcec09ff3ec,audio,Capricho Paganini (rep),Capricho nº 24 de Paganini,audio/violino/paganini_caprice.mp3,upload,,,,,avancado,,[],0,9,false,2026-02-13 18:01:39.533249
b2701b7d-b57e-4792-98b8-ea82dd53a8c9,8bd473f1-7b35-4b9e-869a-17fb73c6e047,video,Postura ao teclado,Como sentar-se corretamente.,https://www.youtube.com/watch?v=teclado1,youtube,,,,tecnica,iniciante,300,"[""postura"",""teclado""]",0,0,true,2025-06-15 20:36:24.121938
b29ca6ba-d174-4086-8087-ef9e45a8a8db,36040329-1aa6-428a-ad39-cd85de03493e,audio,Capricho Paganini,Capricho nº 24 de Paganini,audio/violino/paganini_caprice.mp3,upload,,,,,avancado,,[],0,9,true,2026-02-13 17:57:36.711969
b2aed26f-d3ca-4acd-a02f-cb22021a74d2,bee0f63a-e248-4f2c-9325-0a23cb3c5a8e,video,Técnica de Vibrato (rep),Demonstração da técnica de vibrato no violino,https://youtube.com/watch?v=violin_vibrato,youtube,,,,tutorial,avancado,,[],0,5,true,2026-02-13 18:01:39.533249
b2c2f5c1-adeb-4193-94b9-97a901d59230,80436b4f-15c1-452f-9442-34e42b5117e4,imagem,Anatomia do Violino (rep),Diagrama educativo das partes do violino,img/violino/anatomia.jpg,upload,,,,,iniciante,,[],0,2,true,2026-02-13 18:01:31.997858
b2c4a4e9-ec96-48c2-9ecd-273c837aa38e,f8653cdb-e2e7-479a-bfff-c8643859b866,imagem,Violino Stradivarius (rep),Violino clássico de luthier famoso mostrando detalhes da madeira,img/violino/stradivarius.jpg,upload,,,,,iniciante,,[],0,1,false,2026-02-13 18:01:39.533249
b2c6ab06-0393-4088-8282-4fd73b608fc2,1f8c0a22-f3fc-4f51-8938-6e1cc6e24f85,video,Violino no Jazz (rep),Improvisação jazzística no violino,https://youtube.com/watch?v=jazz_violin,youtube,,,,performance,avancado,,[],0,7,true,2026-02-13 18:01:39.533249
b2ccabda-1a78-4c9b-8097-b21014c80387,64b94e98-6ad2-4e7f-9aa0-b57f6bb58df1,3d,Modelo 3D Violino,Modelo tridimensional interativo do violino,models/violino_3d.glb,upload,,,,,iniciante,,[],0,10,true,2026-02-13 17:57:36.711969
b2f4b225-726b-4548-8e6e-a0347c926413,13912e91-7b48-4a8d-82b7-b59515c2a0d3,imagem,Postura do Violinista,Demonstração da postura correta para tocar violino,img/violino/postura.jpg,upload,,,,,iniciante,,[],0,3,true,2026-02-13 18:01:39.533249
b2fb4afd-ea52-4316-b7d2-5782d68a871e,87ee66bf-bb70-4e70-9aa3-4bff514ced4e,3d,Modelo 3D Violino,Modelo tridimensional interativo do violino,models/violino_3d.glb,upload,,,,,iniciante,,[],0,10,false,2026-02-13 18:01:39.533249
b3220a47-e14a-41bf-b6d0-e9f109fa73a7,57d10b2f-c49f-460d-8fab-3da3065c15c2,imagem,Violino Stradivarius (rep),Violino clássico de luthier famoso mostrando detalhes da madeira,img/violino/stradivarius.jpg,upload,,,,,iniciante,,[],0,1,true,2026-02-13 18:01:39.533249
b32a9c9c-50ae-4ec4-8067-d1e14600f0ac,2abbd218-b737-410e-934b-f9c8f3d2b806,audio,Capricho Paganini,Capricho nº 24 de Paganini,audio/violino/paganini_caprice.mp3,upload,,,,,avancado,,[],0,9,false,2026-02-13 18:01:39.533249
b36176ef-c71f-45d2-9b91-50d910bd1a10,36040329-1aa6-428a-ad39-cd85de03493e,audio,Concerto Tchaikovsky,Primeiro movimento do famoso concerto,audio/violino/tchaikovsky_concerto.mp3,upload,,,,,avancado,,[],0,8,false,2026-02-13 18:01:39.533249
b3898631-0c5c-4c52-8876-65ba1a97ce4d,26cadf44-6d7b-4f9b-85d6-6b2c40715f45,audio,Escala Dó maior,Escala completa.,/midias/saxofone/escala_do.mp3,upload,,,,tecnica,iniciante,60,"[""escala"",""saxofone""]",0,0,true,2025-06-16 00:56:26.375072
b392682a-1a81-494c-af0e-76dcc13b6d4c,453ca164-6f0e-4554-b008-dd68bf4586c2,video,Primeiros Passos no Violino,Aula básica de como segurar o violino e o arco,https://youtube.com/watch?v=violin_basics,youtube,,,,tutorial,iniciante,,[],0,4,true,2026-02-13 18:01:39.533249
b3c0433c-7b4f-4a38-a6ef-b873130eb4b8,4bc1c064-fa97-43f5-b6d7-d466ca66635d,video,Violino no Jazz,Improvisação jazzística no violino,https://youtube.com/watch?v=jazz_violin,youtube,,,,performance,avancado,,[],0,7,true,2026-02-13 17:57:36.711969
b3cbe0fa-4bde-4b39-979e-12c84f42c932,0b9c8c6b-0e47-471c-b83b-01c931410692,audio,Capricho Paganini,Capricho nº 24 de Paganini,audio/violino/paganini_caprice.mp3,upload,,,,,avancado,,[],0,9,true,2026-02-13 17:57:36.711969
b3daa038-c34a-4ba1-bda4-933733548b18,750450cf-e14e-4f02-944e-b3c1bb0f87a4,video,Ave Maria - Schubert,Performance clássica da famosa peça,https://youtube.com/watch?v=ave_maria_violin,youtube,,,,performance,intermediario,,[],0,6,true,2026-02-13 17:57:36.711969
b3fd5bf3-aeb1-4082-96a3-ea10b0f78dad,0b9c8c6b-0e47-471c-b83b-01c931410692,imagem,Postura do Violinista,Demonstração da postura correta para tocar violino,img/violino/postura.jpg,upload,,,,,iniciante,,[],0,3,true,2026-02-13 18:01:39.533249
b41166af-a9b6-4f79-b679-82b50e53013e,a0f53672-7d87-4ab4-a64f-b551fc1a380d,audio,Concerto Tchaikovsky (rep),Primeiro movimento do famoso concerto,audio/violino/tchaikovsky_concerto.mp3,upload,,,,,avancado,,[],0,8,true,2026-02-13 18:01:39.533249
b430b28a-91f0-4ec6-981f-9814e6baa3ee,bc665a4e-e301-44d3-b8bf-decb09422d71,video,Ave Maria - Schubert,Performance clássica da famosa peça,https://youtube.com/watch?v=ave_maria_violin,youtube,,,,performance,intermediario,,[],0,6,false,2026-02-13 18:01:39.533249
b4766ba0-36c8-4630-888d-5666d303ebbd,ab9720a5-1973-484e-9a44-d4aa62594336,imagem,Piano Forte de Cristofori,Primeiro piano criado por Bartolomeo Cristofori em 1700,/images/piano/cristofori_1700.jpg,upload,,,,historia,iniciante,,"[""historia"",""cristofori"",""origem""]",0,0,true,2025-06-08 18:57:54.942465
b495a8c9-6c83-4f7f-97c4-8378f2ce2089,df168c2e-275a-44ed-9ee7-af356bf724e5,audio,Capricho Paganini (rep),Capricho nº 24 de Paganini,audio/violino/paganini_caprice.mp3,upload,,,,,avancado,,[],0,9,true,2026-02-13 18:01:39.533249
b4abb940-0ab9-440a-8d61-07e9436bd7e0,e54b748d-3b1b-48ba-b65e-ec1e476e94ad,imagem,Postura do Violinista (rep),Demonstração da postura correta para tocar violino,img/violino/postura.jpg,upload,,,,,iniciante,,[],0,3,true,2026-02-13 18:01:39.533249
b4b0f71a-fb68-4370-950d-67f87f9d4996,794f42a6-619a-4ca3-8f1b-c3ac7a9e7a08,audio,Harmônico,Exemplo de harmônico.,/midias/flauta/harmonico.mp3,upload,,,,tecnica,intermediario,60,"[""harmonico"",""flauta""]",0,0,true,2025-06-15 19:42:58.828009
b4d0789c-c666-4202-9ed1-edac96a39aaf,26cadf44-6d7b-4f9b-85d6-6b2c40715f45,audio,Staccato,Execução staccato.,/midias/saxofone/staccato.mp3,upload,,,,tecnica,iniciante,60,"[""staccato"",""saxofone""]",0,0,true,2025-06-16 00:56:26.375072
b4e99b14-6dda-406d-bdc8-22f97029fc63,f8653cdb-e2e7-479a-bfff-c8643859b866,audio,Concerto Tchaikovsky,Primeiro movimento do famoso concerto,audio/violino/tchaikovsky_concerto.mp3,upload,,,,,avancado,,[],0,8,false,2026-02-13 18:01:39.533249
b4ef08a8-191d-452a-9020-d06fb936035c,df49fd27-9bcd-4462-a0f8-b36f0ff9f97f,audio,Concerto Tchaikovsky,Primeiro movimento do famoso concerto,audio/violino/tchaikovsky_concerto.mp3,upload,,,,,avancado,,[],0,8,true,2026-02-13 17:57:36.711969
b5139dee-8ab8-43d7-bd20-0d67a707598b,850c53c4-2ed6-4a12-a4ff-3fbaecd6bf73,audio,Escala de Dó,Escala completa.,/midias/trombone/escala_do.mp3,upload,,,,tecnica,iniciante,60,"[""escala"",""trombone""]",0,0,true,2025-06-20 13:43:29.669569
b51b43ca-7be1-4937-83f6-76a1754936eb,9c3a903d-8750-4ded-9341-c876a6d6de93,video,Técnica de Vibrato (rep),Demonstração da técnica de vibrato no violino,https://youtube.com/watch?v=violin_vibrato,youtube,,,,tutorial,avancado,,[],0,5,false,2026-02-13 18:01:39.533249
b52d067f-91fe-49ae-b14e-020b9bfe51f7,453ca164-6f0e-4554-b008-dd68bf4586c2,video,Técnica de Vibrato (rep),Demonstração da técnica de vibrato no violino,https://youtube.com/watch?v=violin_vibrato,youtube,,,,tutorial,avancado,,[],0,5,true,2026-02-13 18:01:39.533249
b5435dd2-dde1-4c44-945c-6ea50a009c83,bc665a4e-e301-44d3-b8bf-decb09422d71,imagem,Anatomia do Violino,Diagrama educativo das partes do violino,img/violino/anatomia.jpg,upload,,,,,iniciante,,[],0,2,true,2026-02-13 18:01:39.533249
b554bc69-c4de-4b83-8f6d-6a4bdb1a4c53,750450cf-e14e-4f02-944e-b3c1bb0f87a4,audio,Concerto Tchaikovsky,Primeiro movimento do famoso concerto,audio/violino/tchaikovsky_concerto.mp3,upload,,,,,avancado,,[],0,8,true,2026-02-13 17:57:36.711969
b5765450-6c45-4610-abc4-b37a605eb361,86f83611-c0db-470c-87e7-31ee81b1a009,video,Violino no Jazz,Improvisação jazzística no violino,https://youtube.com/watch?v=jazz_violin,youtube,,,,performance,avancado,,[],0,7,false,2026-02-13 18:01:39.533249
b58b5d13-ffb0-4ba7-abaa-39da843b1b2d,11a7bc0c-232f-40dc-92ac-4d15aebd2d52,audio,Capricho Paganini (rep),Capricho nº 24 de Paganini,audio/violino/paganini_caprice.mp3,upload,,,,,avancado,,[],0,9,false,2026-02-13 18:01:39.533249
b5b96b13-663b-44bd-9aa3-a91a589284f3,c75fe646-ff86-4420-98f0-a0f25d39de45,video,Técnica de Vibrato,Demonstração da técnica de vibrato no violino,https://youtube.com/watch?v=violin_vibrato,youtube,,,,tutorial,avancado,,[],0,5,true,2026-02-13 17:57:36.711969
b5c16d43-76ac-41cf-b48b-8ceb458c21b8,bc665a4e-e301-44d3-b8bf-decb09422d71,audio,Concerto Tchaikovsky,Primeiro movimento do famoso concerto,audio/violino/tchaikovsky_concerto.mp3,upload,,,,,avancado,,[],0,8,true,2026-02-13 18:01:39.533249
b5c4d6ca-24c5-41c8-8da6-59f0399b1c37,509d6a26-159a-4976-aa46-83f914f930aa,imagem,Postura do Violinista,Demonstração da postura correta para tocar violino,img/violino/postura.jpg,upload,,,,,iniciante,,[],0,3,false,2026-02-13 18:01:39.533249
b5c6621a-f623-4eaa-8ac8-9a793e218e6e,82052c70-0a9d-4d94-873e-3b402e032f55,audio,Concerto Tchaikovsky,Primeiro movimento do famoso concerto,audio/violino/tchaikovsky_concerto.mp3,upload,,,,,avancado,,[],0,8,true,2026-02-13 17:57:36.711969
b5c7177a-9956-4190-a947-b4937fdbb986,11a7bc0c-232f-40dc-92ac-4d15aebd2d52,imagem,Postura do Violinista (rep),Demonstração da postura correta para tocar violino,img/violino/postura.jpg,upload,,,,,iniciante,,[],0,3,false,2026-02-13 18:01:39.533249
b5eaf8d2-8afd-447b-a63f-58aa53a69888,453ca164-6f0e-4554-b008-dd68bf4586c2,audio,Capricho Paganini (rep),Capricho nº 24 de Paganini,audio/violino/paganini_caprice.mp3,upload,,,,,avancado,,[],0,9,true,2026-02-13 18:01:39.533249
b5f81a22-c36d-4b46-bb63-6a9064f1f653,750450cf-e14e-4f02-944e-b3c1bb0f87a4,imagem,Postura do Violinista,Demonstração da postura correta para tocar violino,img/violino/postura.jpg,upload,,,,,iniciante,,[],0,3,false,2026-02-13 18:01:39.533249
b5fe1a43-db7a-4233-9a47-ac176a7dc071,e54b748d-3b1b-48ba-b65e-ec1e476e94ad,video,Ave Maria - Schubert (rep),Performance clássica da famosa peça,https://youtube.com/watch?v=ave_maria_violin,youtube,,,,performance,intermediario,,[],0,6,true,2026-02-13 18:01:39.533249
b605311d-5587-4969-be18-93fdeda2c6f2,2abbd218-b737-410e-934b-f9c8f3d2b806,video,Ave Maria - Schubert (rep),Performance clássica da famosa peça,https://youtube.com/watch?v=ave_maria_violin,youtube,,,,performance,intermediario,,[],0,6,true,2026-02-13 18:01:39.533249
b613c51a-d879-499c-aaef-ee2866641454,36040329-1aa6-428a-ad39-cd85de03493e,video,Primeiros Passos no Violino (rep),Aula básica de como segurar o violino e o arco,https://youtube.com/watch?v=violin_basics,youtube,,,,tutorial,iniciante,,[],0,4,true,2026-02-13 18:01:39.533249
b66b161e-4a74-4a7f-8f62-29a50c4451b5,6925f61b-ba48-473a-b69a-e3548036c1df,video,Violino no Jazz,Improvisação jazzística no violino,https://youtube.com/watch?v=jazz_violin,youtube,,,,performance,avancado,,[],0,7,false,2026-02-13 18:01:39.533249
b679920b-0fbc-401f-82f2-ecef18750329,0b9c8c6b-0e47-471c-b83b-01c931410692,video,Ave Maria - Schubert (rep),Performance clássica da famosa peça,https://youtube.com/watch?v=ave_maria_violin,youtube,,,,performance,intermediario,,[],0,6,true,2026-02-13 18:01:39.533249
b686c0d6-8659-4a71-b851-de5e02d5db2c,e54b748d-3b1b-48ba-b65e-ec1e476e94ad,video,Ave Maria - Schubert,Performance clássica da famosa peça,https://youtube.com/watch?v=ave_maria_violin,youtube,,,,performance,intermediario,,[],0,6,true,2026-02-13 17:57:36.711969
b6b58533-5ac8-4355-9ab1-1216f7039ac6,b7425269-f2bb-454c-8c61-e3e9d028c9b4,audio,Concerto Tchaikovsky,Primeiro movimento do famoso concerto,audio/violino/tchaikovsky_concerto.mp3,upload,,,,,avancado,,[],0,8,true,2026-02-13 18:01:39.533249
b6d576fc-0454-4fdf-ad09-7fd76269ab7c,9c3a903d-8750-4ded-9341-c876a6d6de93,imagem,Postura do Violinista,Demonstração da postura correta para tocar violino,img/violino/postura.jpg,upload,,,,,iniciante,,[],0,3,true,2026-02-13 17:57:36.711969
b74d1106-3fbf-4e7c-8398-2e6f664f5f88,0b9c8c6b-0e47-471c-b83b-01c931410692,imagem,Postura do Violinista,Demonstração da postura correta para tocar violino,img/violino/postura.jpg,upload,,,,,iniciante,,[],0,3,false,2026-02-13 18:01:39.533249
b74d5ee9-b93c-421e-bff6-9cf3c7bc9e38,4c61dc18-2b1e-48c8-8a2e-2c730679d4a5,video,Ave Maria - Schubert,Performance clássica da famosa peça,https://youtube.com/watch?v=ave_maria_violin,youtube,,,,performance,intermediario,,[],0,6,true,2026-02-13 18:01:39.533249
b756fbe8-87dd-4f76-8073-1f974b4f69ac,9c3a903d-8750-4ded-9341-c876a6d6de93,audio,Capricho Paganini,Capricho nº 24 de Paganini,audio/violino/paganini_caprice.mp3,upload,,,,,avancado,,[],0,9,true,2026-02-13 18:01:39.533249
b7826770-cd58-4acf-8da4-54ab665bbc8b,509d6a26-159a-4976-aa46-83f914f930aa,audio,Concerto Tchaikovsky,Primeiro movimento do famoso concerto,audio/violino/tchaikovsky_concerto.mp3,upload,,,,,avancado,,[],0,8,true,2026-02-13 17:57:36.711969
b782a5aa-0375-452a-b18a-c5a76344cd56,32705505-7727-4d27-b7bd-b08e7c90c233,video,Primeiros Passos no Violino (rep),Aula básica de como segurar o violino e o arco,https://youtube.com/watch?v=violin_basics,youtube,,,,tutorial,iniciante,,[],0,4,true,2026-02-13 18:01:39.533249
b787ad59-59da-4ae0-bce9-b66ea15a3427,8bd473f1-7b35-4b9e-869a-17fb73c6e047,audio,Escala de Dó maior,Escala completa.,/midias/teclado/escala_do.mp3,upload,,,,tecnica,iniciante,60,"[""escala"",""teclado""]",0,0,true,2025-06-15 20:36:24.121938
b78ec73d-9436-4e5a-b568-ce12d241822a,87ee66bf-bb70-4e70-9aa3-4bff514ced4e,video,Técnica de Vibrato,Demonstração da técnica de vibrato no violino,https://youtube.com/watch?v=violin_vibrato,youtube,,,,tutorial,avancado,,[],0,5,true,2026-02-13 18:01:39.533249
b7bab312-96de-43f5-ae1f-00480bb98e72,64b94e98-6ad2-4e7f-9aa0-b57f6bb58df1,imagem,Violino Stradivarius (rep),Violino clássico de luthier famoso mostrando detalhes da madeira,img/violino/stradivarius.jpg,upload,,,,,iniciante,,[],0,1,true,2026-02-13 18:01:39.533249
b7c6b6e4-6967-4e37-9b33-92fd33fae1ff,a0f53672-7d87-4ab4-a64f-b551fc1a380d,video,Técnica de Vibrato,Demonstração da técnica de vibrato no violino,https://youtube.com/watch?v=violin_vibrato,youtube,,,,tutorial,avancado,,[],0,5,true,2026-02-13 17:57:36.711969
b7e09a25-50ba-4192-b3df-24aefa4ea0cb,509d6a26-159a-4976-aa46-83f914f930aa,imagem,Violino Stradivarius,Violino clássico de luthier famoso mostrando detalhes da madeira,img/violino/stradivarius.jpg,upload,,,,,iniciante,,[],0,1,false,2026-02-13 18:01:39.533249
b86d0e52-6cdb-4054-9f8b-e0bd3f15ffd1,3e02292d-bd2f-46ed-9b9e-a0c8b0acd996,video,Violino no Jazz,Improvisação jazzística no violino,https://youtube.com/watch?v=jazz_violin,youtube,,,,performance,avancado,,[],0,7,true,2026-02-13 17:57:36.711969
b887cd6e-d5bc-4bf8-82bd-a1806865cf52,3957c464-86dc-4aa2-9f09-57b5eb2a6c6a,video,Violino no Jazz,Improvisação jazzística no violino,https://youtube.com/watch?v=jazz_violin,youtube,,,,performance,avancado,,[],0,7,false,2026-02-13 18:01:39.533249
b88f2583-8636-4c96-961c-78401e84a6cd,0e52514e-58c3-463a-a6e4-f71a1439f9b7,video,Violino no Jazz,Improvisação jazzística no violino,https://youtube.com/watch?v=jazz_violin,youtube,,,,performance,avancado,,[],0,7,true,2026-02-13 18:01:39.533249
b8968ee4-0256-4ab9-8cad-b06a7e1fe78e,b7425269-f2bb-454c-8c61-e3e9d028c9b4,imagem,Anatomia do Violino (rep),Diagrama educativo das partes do violino,img/violino/anatomia.jpg,upload,,,,,iniciante,,[],0,2,true,2026-02-13 18:01:39.533249
b89b630a-e059-4a84-bec9-ccd045de234c,56f643e0-a3e2-4067-84ac-334c454426f8,audio,Capricho Paganini (rep),Capricho nº 24 de Paganini,audio/violino/paganini_caprice.mp3,upload,,,,,avancado,,[],0,9,false,2026-02-13 18:01:39.533249
b8ae03ba-dd1e-4e82-9a36-e42d9b475dbd,df42056c-8a3e-454c-aeca-73b4d608b85c,imagem,Anatomia do Violino (rep),Diagrama educativo das partes do violino,img/violino/anatomia.jpg,upload,,,,,iniciante,,[],0,2,true,2026-02-13 18:01:39.533249
b8aee2d1-e859-4520-8f7c-70f922839d21,9c3a903d-8750-4ded-9341-c876a6d6de93,video,Ave Maria - Schubert (rep),Performance clássica da famosa peça,https://youtube.com/watch?v=ave_maria_violin,youtube,,,,performance,intermediario,,[],0,6,false,2026-02-13 18:01:39.533249
b8b977e8-a68c-4cb0-aa18-7f916ae2cd1c,92ecdeff-3480-4f27-85cd-86f12622cf9f,imagem,Postura do Violinista,Demonstração da postura correta para tocar violino,img/violino/postura.jpg,upload,,,,,iniciante,,[],0,3,true,2026-02-13 17:57:36.711969
b8bdd2f0-f24c-4440-81e7-bbcc61b84c62,34f9e29b-3d22-464a-b31c-c3f4fbb73328,audio,Concerto Tchaikovsky,Primeiro movimento do famoso concerto,audio/violino/tchaikovsky_concerto.mp3,upload,,,,,avancado,,[],0,8,true,2026-02-13 17:57:36.711969
b901079d-523f-4943-b87c-ede419eff18b,9a5e0eac-114e-4173-90af-32b55c870675,video,Violino no Jazz,Improvisação jazzística no violino,https://youtube.com/watch?v=jazz_violin,youtube,,,,performance,avancado,,[],0,7,false,2026-02-13 18:01:39.533249
b922ffc0-1f08-497d-85cd-c7e5445949b3,e48ad87b-d237-45e4-a707-05374c4240fa,video,Técnica de Vibrato (rep),Demonstração da técnica de vibrato no violino,https://youtube.com/watch?v=violin_vibrato,youtube,,,,tutorial,avancado,,[],0,5,true,2026-02-13 18:01:39.533249
b9512c1d-f817-4673-a3f7-8af5912c7d6a,6925f61b-ba48-473a-b69a-e3548036c1df,imagem,Postura do Violinista,Demonstração da postura correta para tocar violino,img/violino/postura.jpg,upload,,,,,iniciante,,[],0,3,true,2026-02-13 17:57:36.711969
b955f4c8-a13b-4467-a855-2464efe75e6d,63ebeaeb-be5d-4c26-a5cf-f59b71423401,video,Violino no Jazz,Improvisação jazzística no violino,https://youtube.com/watch?v=jazz_violin,youtube,,,,performance,avancado,,[],0,7,true,2026-02-13 17:57:36.711969
b96422eb-4fb4-47c2-8485-c8b0cf2b408a,4d78c5a4-04bf-452d-b326-83e7c72c10ef,audio,Capricho Paganini,Capricho nº 24 de Paganini,audio/violino/paganini_caprice.mp3,upload,,,,,avancado,,[],0,9,false,2026-02-13 18:01:39.533249
b968e795-35de-4beb-bc4f-05b02afcea06,56f643e0-a3e2-4067-84ac-334c454426f8,video,Primeiros Passos no Violino,Aula básica de como segurar o violino e o arco,https://youtube.com/watch?v=violin_basics,youtube,,,,tutorial,iniciante,,[],0,4,true,2026-02-13 18:01:39.533249
b97441b6-87fb-4812-a146-9f27b89a3c8b,64b94e98-6ad2-4e7f-9aa0-b57f6bb58df1,imagem,Postura do Violinista,Demonstração da postura correta para tocar violino,img/violino/postura.jpg,upload,,,,,iniciante,,[],0,3,false,2026-02-13 18:01:39.533249
b98e54ea-39c2-4318-8771-1d4cca3e4927,df42056c-8a3e-454c-aeca-73b4d608b85c,audio,Capricho Paganini,Capricho nº 24 de Paganini,audio/violino/paganini_caprice.mp3,upload,,,,,avancado,,[],0,9,true,2026-02-13 18:01:39.533249
b9951dcb-c470-44cb-b83d-932615466383,0e52514e-58c3-463a-a6e4-f71a1439f9b7,3d,Modelo 3D Violino,Modelo tridimensional interativo do violino,models/violino_3d.glb,upload,,,,,iniciante,,[],0,10,false,2026-02-13 18:01:39.533249
b9ab99ed-3e2f-4a5c-b03f-ee115192d88b,35da6877-2528-4f37-9ab4-b44893ad1dbf,video,Primeiros Passos no Violino,Aula básica de como segurar o violino e o arco,https://youtube.com/watch?v=violin_basics,youtube,,,,tutorial,iniciante,,[],0,4,true,2026-02-13 17:57:36.711969
b9c4838a-b567-48f0-be8e-44be3e389f54,9a5e0eac-114e-4173-90af-32b55c870675,3d,Modelo 3D Violino,Modelo tridimensional interativo do violino,models/violino_3d.glb,upload,,,,,iniciante,,[],0,10,true,2026-02-13 18:01:39.533249
b9ef9038-76f3-424d-bc09-3ba85206b4b6,453ca164-6f0e-4554-b008-dd68bf4586c2,imagem,Violino Stradivarius,Violino clássico de luthier famoso mostrando detalhes da madeira,img/violino/stradivarius.jpg,upload,,,,,iniciante,,[],0,1,true,2026-02-13 17:57:36.711969
b9fff98a-0393-4ec9-b3b1-1f8d4973c9b1,8bd473f1-7b35-4b9e-869a-17fb73c6e047,audio,Staccato,Execução staccato.,/midias/teclado/staccato.mp3,upload,,,,tecnica,iniciante,60,"[""staccato"",""teclado""]",0,0,true,2025-06-15 20:36:24.121938
ba02e45c-ae6c-42fa-a34b-454c8cb85eaa,64b94e98-6ad2-4e7f-9aa0-b57f6bb58df1,audio,Concerto Tchaikovsky (rep),Primeiro movimento do famoso concerto,audio/violino/tchaikovsky_concerto.mp3,upload,,,,,avancado,,[],0,8,true,2026-02-13 18:01:39.533249
ba11f889-3bd4-4843-95a6-4a7b4cbb313f,96b547b5-e685-40f8-952c-9dfce2ad4dc6,3d,Modelo 3D Violino,Modelo tridimensional interativo do violino,models/violino_3d.glb,upload,,,,,iniciante,,[],0,10,true,2026-02-13 17:57:36.711969
ba2ece10-96d3-4be9-bdea-b9b5cef01937,f8653cdb-e2e7-479a-bfff-c8643859b866,video,Técnica de Vibrato (rep),Demonstração da técnica de vibrato no violino,https://youtube.com/watch?v=violin_vibrato,youtube,,,,tutorial,avancado,,[],0,5,true,2026-02-13 18:01:39.533249
ba47fedf-3763-41f6-b0aa-facb49de4654,9edff4db-9ef5-43fc-970a-7d2086de223b,imagem,Violino Stradivarius,Violino clássico de luthier famoso mostrando detalhes da madeira,img/violino/stradivarius.jpg,upload,,,,,iniciante,,[],0,1,false,2026-02-13 18:01:39.533249
ba7d24e7-b569-4002-88fc-49d84b9b79e7,e48ad87b-d237-45e4-a707-05374c4240fa,audio,Capricho Paganini,Capricho nº 24 de Paganini,audio/violino/paganini_caprice.mp3,upload,,,,,avancado,,[],0,9,true,2026-02-13 17:57:36.711969
ba998287-8116-4ed7-bae1-ccd12ecf017e,86f83611-c0db-470c-87e7-31ee81b1a009,video,Primeiros Passos no Violino (rep),Aula básica de como segurar o violino e o arco,https://youtube.com/watch?v=violin_basics,youtube,,,,tutorial,iniciante,,[],0,4,true,2026-02-13 18:01:39.533249
baa701c7-2d62-4e3b-b2f8-227302abb8ed,ee709f67-e4e4-4f9c-9001-7574e4d8dfa0,video,Ave Maria - Schubert (rep),Performance clássica da famosa peça,https://youtube.com/watch?v=ave_maria_violin,youtube,,,,performance,intermediario,,[],0,6,true,2026-02-13 18:01:39.533249
baaab606-d825-4f67-9e52-e40c12cd04fe,1b699036-0f72-4c48-9801-e01f6f25e165,video,Técnica de Vibrato,Demonstração da técnica de vibrato no violino,https://youtube.com/watch?v=violin_vibrato,youtube,,,,tutorial,avancado,,[],0,5,true,2026-02-13 18:01:39.533249
babcad93-653d-4c8a-b4e8-8492e809c377,32705505-7727-4d27-b7bd-b08e7c90c233,video,Técnica de Vibrato,Demonstração da técnica de vibrato no violino,https://youtube.com/watch?v=violin_vibrato,youtube,,,,tutorial,avancado,,[],0,5,true,2026-02-13 17:57:36.711969
bacc54ab-a637-4581-88f5-2ed938e9927f,453ca164-6f0e-4554-b008-dd68bf4586c2,audio,Concerto Tchaikovsky,Primeiro movimento do famoso concerto,audio/violino/tchaikovsky_concerto.mp3,upload,,,,,avancado,,[],0,8,true,2026-02-13 17:57:36.711969
bad3536f-7250-4d83-ab6d-1a22c2a717fc,9edff4db-9ef5-43fc-970a-7d2086de223b,video,Técnica de Vibrato,Demonstração da técnica de vibrato no violino,https://youtube.com/watch?v=violin_vibrato,youtube,,,,tutorial,avancado,,[],0,5,true,2026-02-13 17:57:36.711969
baebcc91-5627-4dd5-bfea-1b7b9c91977d,8ddb4eea-18b9-4b8f-bb85-16a1f5474f87,imagem,Anatomia do Violino,Diagrama educativo das partes do violino,img/violino/anatomia.jpg,upload,,,,,iniciante,,[],0,2,true,2026-02-13 18:01:39.533249
bb170d8a-ea75-487b-9554-7ede262f52b5,96b547b5-e685-40f8-952c-9dfce2ad4dc6,video,Técnica de Vibrato,Demonstração da técnica de vibrato no violino,https://youtube.com/watch?v=violin_vibrato,youtube,,,,tutorial,avancado,,[],0,5,true,2026-02-13 17:57:36.711969
bb42c93b-f7a1-4587-8e62-c2a727b57860,6b11dc1a-295f-4458-9c08-2bcec09ff3ec,video,Técnica de Vibrato,Demonstração da técnica de vibrato no violino,https://youtube.com/watch?v=violin_vibrato,youtube,,,,tutorial,avancado,,[],0,5,true,2026-02-13 17:57:36.711969
bb546efb-e69a-44e3-9c84-86a45440fa1a,1b699036-0f72-4c48-9801-e01f6f25e165,video,Violino no Jazz (rep),Improvisação jazzística no violino,https://youtube.com/watch?v=jazz_violin,youtube,,,,performance,avancado,,[],0,7,true,2026-02-13 18:01:39.533249
bb68a4de-34c8-4ca7-b4e5-bbb11a98c683,453ca164-6f0e-4554-b008-dd68bf4586c2,imagem,Anatomia do Violino (rep),Diagrama educativo das partes do violino,img/violino/anatomia.jpg,upload,,,,,iniciante,,[],0,2,true,2026-02-13 18:01:39.533249
bb7333b4-6ab2-4636-967c-8758aa5c665c,63ebeaeb-be5d-4c26-a5cf-f59b71423401,video,Primeiros Passos no Violino (rep),Aula básica de como segurar o violino e o arco,https://youtube.com/watch?v=violin_basics,youtube,,,,tutorial,iniciante,,[],0,4,false,2026-02-13 18:01:39.533249
bb812a96-0dce-4f71-8390-ed12fc55c216,a0f53672-7d87-4ab4-a64f-b551fc1a380d,video,Técnica de Vibrato (rep),Demonstração da técnica de vibrato no violino,https://youtube.com/watch?v=violin_vibrato,youtube,,,,tutorial,avancado,,[],0,5,true,2026-02-13 18:01:39.533249
bb947af1-037b-4739-b494-30621a5ec344,cca87ab1-8ad4-4876-a8d8-190f85927952,video,Ave Maria - Schubert,Performance clássica da famosa peça,https://youtube.com/watch?v=ave_maria_violin,youtube,,,,performance,intermediario,,[],0,6,true,2026-02-13 17:57:36.711969
bba010b3-2f31-41cd-ac0e-6f1d5b39aa91,35aff373-706c-47d8-8004-d8edcddb1e0c,audio,Walking,Exemplo walking.,/midias/baixo/walking.mp3,upload,,,,tecnica,intermediario,60,"[""walking"",""baixo""]",0,0,true,2025-06-16 04:38:10.049188
bbcb5314-ee2d-475d-a54a-5714ca14abc7,26cadf44-6d7b-4f9b-85d6-6b2c40715f45,video,Trinado,Demonstração de trinado.,https://www.youtube.com/watch?v=saxofone6,youtube,,,,tecnica,intermediario,120,"[""trinado"",""saxofone""]",0,0,false,2025-06-16 00:57:47.581967
bbda53b7-c5f2-440e-bd10-388b71542ba3,36040329-1aa6-428a-ad39-cd85de03493e,video,Violino no Jazz,Improvisação jazzística no violino,https://youtube.com/watch?v=jazz_violin,youtube,,,,performance,avancado,,[],0,7,true,2026-02-13 17:57:36.711969
bbdc90f5-29ef-4bae-aada-beed3d1cbfba,34f9e29b-3d22-464a-b31c-c3f4fbb73328,imagem,Anatomia do Violino (rep),Diagrama educativo das partes do violino,img/violino/anatomia.jpg,upload,,,,,iniciante,,[],0,2,false,2026-02-13 18:01:39.533249
bbee60bc-16f7-42c2-b10f-8869380886fd,7b6ae164-dfdf-452d-a5c3-d01554861444,imagem,Anatomia do Violino,Diagrama educativo das partes do violino,img/violino/anatomia.jpg,upload,,,,,iniciante,,[],0,2,true,2026-02-13 18:01:39.533249
bbfcc51a-6824-4694-9c8b-dbebc59ea14f,fb125188-c48e-4d89-a46e-11c3b600dabd,imagem,Violino Stradivarius,Violino clássico de luthier famoso mostrando detalhes da madeira,img/violino/stradivarius.jpg,upload,,,,,iniciante,,[],0,1,true,2026-02-13 18:01:39.533249
bc01061e-d8fd-476c-ab10-37ef57af1586,850c53c4-2ed6-4a12-a4ff-3fbaecd6bf73,imagem,Trombone em orquestra,Trombone em uso orquestral.,/midias/trombone/orquestra.jpg,upload,,,,performance,intermediario,,"[""orquestra"",""trombone""]",0,0,true,2025-06-20 13:43:29.669569
bc19224e-6b6f-40bf-b3fe-2fd0e30a7047,32705505-7727-4d27-b7bd-b08e7c90c233,imagem,Violino Stradivarius (rep),Violino clássico de luthier famoso mostrando detalhes da madeira,img/violino/stradivarius.jpg,upload,,,,,iniciante,,[],0,1,false,2026-02-13 18:01:39.533249
bc3efd59-a5fc-4d17-95ee-c5d7bcb81aa6,1b699036-0f72-4c48-9801-e01f6f25e165,video,Ave Maria - Schubert,Performance clássica da famosa peça,https://youtube.com/watch?v=ave_maria_violin,youtube,,,,performance,intermediario,,[],0,6,true,2026-02-13 18:01:39.533249
bc5ba37a-5e96-45b6-8fe4-24a7417e19d3,1f8c0a22-f3fc-4f51-8938-6e1cc6e24f85,audio,Capricho Paganini (rep),Capricho nº 24 de Paganini,audio/violino/paganini_caprice.mp3,upload,,,,,avancado,,[],0,9,true,2026-02-13 18:01:39.533249
bc5c7508-4d32-4337-88ed-79ed1238121d,761a3318-9a5e-46f3-88f2-62159b96100c,audio,Capricho Paganini,Capricho nº 24 de Paganini,audio/violino/paganini_caprice.mp3,upload,,,,,avancado,,[],0,9,true,2026-02-13 18:01:39.533249
bcacc313-b851-478a-bba9-6ee354a92a9c,b7425269-f2bb-454c-8c61-e3e9d028c9b4,imagem,Violino Stradivarius,Violino clássico de luthier famoso mostrando detalhes da madeira,img/violino/stradivarius.jpg,upload,,,,,iniciante,,[],0,1,true,2026-02-13 17:57:36.711969
bd11a228-8c77-429e-a333-65c21e59bdbd,26cadf44-6d7b-4f9b-85d6-6b2c40715f45,imagem,Saxofone antigo,Imagem de saxofone histórico.,/midias/saxofone/antigo.jpg,upload,,,,historia,avancado,,"[""historia"",""saxofone""]",0,0,true,2025-06-16 00:56:26.375072
bd28d52a-67a9-4755-9ecf-204751247d44,92ecdeff-3480-4f27-85cd-86f12622cf9f,audio,Capricho Paganini,Capricho nº 24 de Paganini,audio/violino/paganini_caprice.mp3,upload,,,,,avancado,,[],0,9,true,2026-02-13 17:57:36.711969
bd39a29d-72bc-4ea4-97af-d018725fd27b,36040329-1aa6-428a-ad39-cd85de03493e,audio,Capricho Paganini (rep),Capricho nº 24 de Paganini,audio/violino/paganini_caprice.mp3,upload,,,,,avancado,,[],0,9,true,2026-02-13 18:01:39.533249
bd41b3da-8367-4ec6-8665-344ae932f063,ac116dcb-4fd4-4ef6-b6fb-f4ff1287bf68,imagem,Violino Stradivarius (rep),Violino clássico de luthier famoso mostrando detalhes da madeira,img/violino/stradivarius.jpg,upload,,,,,iniciante,,[],0,1,false,2026-02-13 18:01:39.533249
bd5399a0-10e8-448a-892d-430009ddbe0e,80436b4f-15c1-452f-9442-34e42b5117e4,audio,Concerto Tchaikovsky (rep),Primeiro movimento do famoso concerto,audio/violino/tchaikovsky_concerto.mp3,upload,,,,,avancado,,[],0,8,true,2026-02-13 18:01:31.997858
bd5d2cd8-7a45-4c3b-9ec7-c4870f6e23f0,36040329-1aa6-428a-ad39-cd85de03493e,video,Ave Maria - Schubert (rep),Performance clássica da famosa peça,https://youtube.com/watch?v=ave_maria_violin,youtube,,,,performance,intermediario,,[],0,6,true,2026-02-13 18:01:39.533249
bd7a8f78-e7c2-4073-8ffc-bb6ed06f588a,1b699036-0f72-4c48-9801-e01f6f25e165,3d,Modelo 3D Violino,Modelo tridimensional interativo do violino,models/violino_3d.glb,upload,,,,,iniciante,,[],0,10,true,2026-02-13 17:57:36.711969
bd98d02e-07cd-4926-9753-2c93796b2f4f,86f83611-c0db-470c-87e7-31ee81b1a009,imagem,Violino Stradivarius (rep),Violino clássico de luthier famoso mostrando detalhes da madeira,img/violino/stradivarius.jpg,upload,,,,,iniciante,,[],0,1,true,2026-02-13 18:01:39.533249
bdc1abda-da55-4185-a117-e85ed5d67d5d,bc665a4e-e301-44d3-b8bf-decb09422d71,video,Técnica de Vibrato,Demonstração da técnica de vibrato no violino,https://youtube.com/watch?v=violin_vibrato,youtube,,,,tutorial,avancado,,[],0,5,false,2026-02-13 18:01:39.533249
bdc23484-2445-4c58-9362-5313973b7afc,36040329-1aa6-428a-ad39-cd85de03493e,audio,Concerto Tchaikovsky (rep),Primeiro movimento do famoso concerto,audio/violino/tchaikovsky_concerto.mp3,upload,,,,,avancado,,[],0,8,true,2026-02-13 18:01:39.533249
bddbc963-6d75-41fe-8db6-602941a8fd4d,fb125188-c48e-4d89-a46e-11c3b600dabd,3d,Modelo 3D Violino,Modelo tridimensional interativo do violino,models/violino_3d.glb,upload,,,,,iniciante,,[],0,10,true,2026-02-13 18:01:39.533249
bdde5d5c-4834-4051-931f-422db275696a,3957c464-86dc-4aa2-9f09-57b5eb2a6c6a,3d,Modelo 3D Violino,Modelo tridimensional interativo do violino,models/violino_3d.glb,upload,,,,,iniciante,,[],0,10,true,2026-02-13 17:57:36.711969
bde4d3e1-5153-43ed-b574-6b3e1f974a13,ee709f67-e4e4-4f9c-9001-7574e4d8dfa0,video,Técnica de Vibrato,Demonstração da técnica de vibrato no violino,https://youtube.com/watch?v=violin_vibrato,youtube,,,,tutorial,avancado,,[],0,5,true,2026-02-13 18:01:39.533249
be260475-8168-4aef-be4c-fca232af3fe5,4bc1c064-fa97-43f5-b6d7-d466ca66635d,audio,Concerto Tchaikovsky,Primeiro movimento do famoso concerto,audio/violino/tchaikovsky_concerto.mp3,upload,,,,,avancado,,[],0,8,true,2026-02-13 17:57:36.711969
be52124b-b5cf-48c3-922e-1207b3d894e2,56e32061-7ed6-495d-9bc1-00cdb345b02e,video,Violino no Jazz,Improvisação jazzística no violino,https://youtube.com/watch?v=jazz_violin,youtube,,,,performance,avancado,,[],0,7,true,2026-02-13 18:01:39.533249
be6d1744-a3b4-4a9a-b6b6-57820f0855f3,1f8c0a22-f3fc-4f51-8938-6e1cc6e24f85,audio,Concerto Tchaikovsky,Primeiro movimento do famoso concerto,audio/violino/tchaikovsky_concerto.mp3,upload,,,,,avancado,,[],0,8,false,2026-02-13 18:01:39.533249
be79031c-74ea-49ff-b322-25d247494f91,509d6a26-159a-4976-aa46-83f914f930aa,video,Violino no Jazz,Improvisação jazzística no violino,https://youtube.com/watch?v=jazz_violin,youtube,,,,performance,avancado,,[],0,7,true,2026-02-13 18:01:39.533249
be8a357c-98d3-4d11-a5c7-817579528f99,9b42a23b-ac7f-42e1-8a04-bde4c525fbde,audio,Escala de Dó,Escala completa.,/midias/oboe/escala_do.mp3,upload,,,,tecnica,iniciante,60,"[""escala"",""oboe""]",0,0,true,2025-06-20 05:15:55.927047
be9b9c12-18e2-473d-816c-193ef135c23c,ee709f67-e4e4-4f9c-9001-7574e4d8dfa0,video,Violino no Jazz,Improvisação jazzística no violino,https://youtube.com/watch?v=jazz_violin,youtube,,,,performance,avancado,,[],0,7,false,2026-02-13 18:01:39.533249
bebbd87f-9731-44dd-9bf3-7d061ff0965f,1b699036-0f72-4c48-9801-e01f6f25e165,video,Ave Maria - Schubert,Performance clássica da famosa peça,https://youtube.com/watch?v=ave_maria_violin,youtube,,,,performance,intermediario,,[],0,6,true,2026-02-13 18:01:39.533249
bebe3fad-b941-48f3-b238-f8cb43a2768b,df42056c-8a3e-454c-aeca-73b4d608b85c,video,Técnica de Vibrato,Demonstração da técnica de vibrato no violino,https://youtube.com/watch?v=violin_vibrato,youtube,,,,tutorial,avancado,,[],0,5,true,2026-02-13 17:57:36.711969
bec48a8b-172f-4097-a904-85ab3466edf5,8fbba87d-39e1-4542-b8bb-7c815fdc2b9a,audio,Concerto Tchaikovsky,Primeiro movimento do famoso concerto,audio/violino/tchaikovsky_concerto.mp3,upload,,,,,avancado,,[],0,8,true,2026-02-13 17:57:36.711969
bedf42e6-9619-46b9-b0b3-67637121db1f,cca87ab1-8ad4-4876-a8d8-190f85927952,audio,Concerto Tchaikovsky (rep),Primeiro movimento do famoso concerto,audio/violino/tchaikovsky_concerto.mp3,upload,,,,,avancado,,[],0,8,true,2026-02-13 18:01:39.533249
bee7b56a-b1e4-4afa-a19a-fd06d958814e,8fbba87d-39e1-4542-b8bb-7c815fdc2b9a,video,Técnica de Vibrato,Demonstração da técnica de vibrato no violino,https://youtube.com/watch?v=violin_vibrato,youtube,,,,tutorial,avancado,,[],0,5,false,2026-02-13 18:01:39.533249
beed1bdb-c265-47ba-b059-fa2d504f85d9,9b42a23b-ac7f-42e1-8a04-bde4c525fbde,imagem,Oboé em orquestra,Oboé em uso orquestral.,/midias/oboe/orquestra.jpg,upload,,,,performance,intermediario,,"[""orquestra"",""oboe""]",0,0,true,2025-06-20 05:15:55.927047
bf40b762-aa95-4da3-8919-e4ff92b48b72,e48ad87b-d237-45e4-a707-05374c4240fa,audio,Concerto Tchaikovsky,Primeiro movimento do famoso concerto,audio/violino/tchaikovsky_concerto.mp3,upload,,,,,avancado,,[],0,8,false,2026-02-13 18:01:39.533249
bf6d956a-199a-451f-bbe8-e622e9f602c6,92ecdeff-3480-4f27-85cd-86f12622cf9f,video,Violino no Jazz,Improvisação jazzística no violino,https://youtube.com/watch?v=jazz_violin,youtube,,,,performance,avancado,,[],0,7,true,2026-02-13 18:01:39.533249
bf7b27b8-9daf-4ac8-99bb-49181d9ac5b1,36040329-1aa6-428a-ad39-cd85de03493e,imagem,Postura do Violinista (rep),Demonstração da postura correta para tocar violino,img/violino/postura.jpg,upload,,,,,iniciante,,[],0,3,true,2026-02-13 18:01:39.533249
bf7c7c51-2516-4993-865c-fae3e013f009,35aff373-706c-47d8-8004-d8edcddb1e0c,video,Pop básico,Execução pop no slap.,https://www.youtube.com/watch?v=baixo4,youtube,,,,tecnica,iniciante,180,"[""pop"",""baixo""]",0,0,true,2025-06-16 04:38:10.049188
bf8761ab-2433-48a2-8753-ce013e9b5a82,56f643e0-a3e2-4067-84ac-334c454426f8,imagem,Violino Stradivarius,Violino clássico de luthier famoso mostrando detalhes da madeira,img/violino/stradivarius.jpg,upload,,,,,iniciante,,[],0,1,true,2026-02-13 18:01:39.533249
bf8feadc-6429-4e5f-94c1-da329ebac4cf,bc665a4e-e301-44d3-b8bf-decb09422d71,audio,Capricho Paganini (rep),Capricho nº 24 de Paganini,audio/violino/paganini_caprice.mp3,upload,,,,,avancado,,[],0,9,true,2026-02-13 18:01:39.533249
bf9a4885-92f1-4037-b6a1-2985ed916ccc,ac116dcb-4fd4-4ef6-b6fb-f4ff1287bf68,imagem,Postura do Violinista,Demonstração da postura correta para tocar violino,img/violino/postura.jpg,upload,,,,,iniciante,,[],0,3,true,2026-02-13 18:01:39.533249
bf9cfbf0-5604-4d4e-935c-b1cd807263de,cca87ab1-8ad4-4876-a8d8-190f85927952,audio,Concerto Tchaikovsky,Primeiro movimento do famoso concerto,audio/violino/tchaikovsky_concerto.mp3,upload,,,,,avancado,,[],0,8,true,2026-02-13 18:01:39.533249
bfafa370-793f-4151-840b-0685ad8e3bfc,32705505-7727-4d27-b7bd-b08e7c90c233,3d,Modelo 3D Violino,Modelo tridimensional interativo do violino,models/violino_3d.glb,upload,,,,,iniciante,,[],0,10,false,2026-02-13 18:01:39.533249
bfc0493d-b7f8-4857-a84d-4e870e8daffc,453ca164-6f0e-4554-b008-dd68bf4586c2,imagem,Postura do Violinista,Demonstração da postura correta para tocar violino,img/violino/postura.jpg,upload,,,,,iniciante,,[],0,3,false,2026-02-13 18:01:39.533249
bfce7b6f-1ef1-4709-8f3d-5a69b63aaac6,56f643e0-a3e2-4067-84ac-334c454426f8,video,Primeiros Passos no Violino,Aula básica de como segurar o violino e o arco,https://youtube.com/watch?v=violin_basics,youtube,,,,tutorial,iniciante,,[],0,4,true,2026-02-13 17:57:36.711969
bfcefef0-39b8-48ff-ae94-d2f3892ce0cc,bc665a4e-e301-44d3-b8bf-decb09422d71,video,Ave Maria - Schubert,Performance clássica da famosa peça,https://youtube.com/watch?v=ave_maria_violin,youtube,,,,performance,intermediario,,[],0,6,true,2026-02-13 18:01:39.533249
bff257a2-dc54-4a0e-96c7-8d7d2e667e55,1b699036-0f72-4c48-9801-e01f6f25e165,imagem,Violino Stradivarius,Violino clássico de luthier famoso mostrando detalhes da madeira,img/violino/stradivarius.jpg,upload,,,,,iniciante,,[],0,1,true,2026-02-13 18:01:39.533249
c01ab218-640b-4ec6-92ea-f02af6aa7b72,3e02292d-bd2f-46ed-9b9e-a0c8b0acd996,video,Primeiros Passos no Violino,Aula básica de como segurar o violino e o arco,https://youtube.com/watch?v=violin_basics,youtube,,,,tutorial,iniciante,,[],0,4,true,2026-02-13 17:57:36.711969
c0259577-8d41-43a1-ba1e-f63f4fa09cd1,86f83611-c0db-470c-87e7-31ee81b1a009,imagem,Anatomia do Violino,Diagrama educativo das partes do violino,img/violino/anatomia.jpg,upload,,,,,iniciante,,[],0,2,false,2026-02-13 18:01:39.533249
c0293850-e6f0-46ba-8d40-4ef0eaf60373,35aff373-706c-47d8-8004-d8edcddb1e0c,imagem,Cabeça do baixo,Detalhe do headstock.,/midias/baixo/headstock.jpg,upload,,,,tecnica,iniciante,,"[""headstock"",""baixo""]",0,0,true,2025-06-16 04:38:10.049188
c0536c0f-eee5-4e94-bd29-c80598655e80,32705505-7727-4d27-b7bd-b08e7c90c233,3d,Modelo 3D Violino (rep),Modelo tridimensional interativo do violino,models/violino_3d.glb,upload,,,,,iniciante,,[],0,10,false,2026-02-13 18:01:39.533249
c083ee71-7b11-4400-afb8-be741fca01ec,35aff373-706c-47d8-8004-d8edcddb1e0c,audio,Harmônico,Exemplo harmônico.,/midias/baixo/harmonico.mp3,upload,,,,tecnica,intermediario,60,"[""harmonico"",""baixo""]",0,0,true,2025-06-16 04:38:10.049188
c0b86be4-03f8-4210-b65b-c951d76f84e9,4d78c5a4-04bf-452d-b326-83e7c72c10ef,imagem,Anatomia do Violino,Diagrama educativo das partes do violino,img/violino/anatomia.jpg,upload,,,,,iniciante,,[],0,2,false,2026-02-13 18:01:39.533249
c0e6ba7c-48ed-4b61-bfb4-2944e7aee38c,1b699036-0f72-4c48-9801-e01f6f25e165,3d,Modelo 3D Violino,Modelo tridimensional interativo do violino,models/violino_3d.glb,upload,,,,,iniciante,,[],0,10,true,2026-02-13 18:01:39.533249
c0ee27cb-8b66-413f-b15b-d19857017286,1b699036-0f72-4c48-9801-e01f6f25e165,video,Técnica de Vibrato (rep),Demonstração da técnica de vibrato no violino,https://youtube.com/watch?v=violin_vibrato,youtube,,,,tutorial,avancado,,[],0,5,false,2026-02-13 18:01:39.533249
c100ea8a-5276-4c0c-9732-8857ccb41a83,453ca164-6f0e-4554-b008-dd68bf4586c2,imagem,Anatomia do Violino,Diagrama educativo das partes do violino,img/violino/anatomia.jpg,upload,,,,,iniciante,,[],0,2,true,2026-02-13 18:01:39.533249
c1474bfd-489f-4c84-97bf-826db791c4b6,453ca164-6f0e-4554-b008-dd68bf4586c2,video,Violino no Jazz,Improvisação jazzística no violino,https://youtube.com/watch?v=jazz_violin,youtube,,,,performance,avancado,,[],0,7,true,2026-02-13 18:01:39.533249
c14ed7c6-3cd7-46fe-9134-059fc1b9fc12,56e32061-7ed6-495d-9bc1-00cdb345b02e,imagem,Anatomia do Violino,Diagrama educativo das partes do violino,img/violino/anatomia.jpg,upload,,,,,iniciante,,[],0,2,true,2026-02-13 17:57:36.711969
c1690bff-6966-451c-a1c4-db32db2d3043,36040329-1aa6-428a-ad39-cd85de03493e,video,Técnica de Vibrato,Demonstração da técnica de vibrato no violino,https://youtube.com/watch?v=violin_vibrato,youtube,,,,tutorial,avancado,,[],0,5,true,2026-02-13 18:01:39.533249
c19288e7-0f9b-48ac-9a62-c2a8004e53cf,26cadf44-6d7b-4f9b-85d6-6b2c40715f45,audio,Legato,Execução legato.,/midias/saxofone/legato.mp3,upload,,,,tecnica,iniciante,60,"[""legato"",""saxofone""]",0,0,true,2025-06-16 00:56:26.375072
c19ec551-1e5a-4efc-a3d0-8e3eaba6b87a,bee0f63a-e248-4f2c-9325-0a23cb3c5a8e,video,Primeiros Passos no Violino,Aula básica de como segurar o violino e o arco,https://youtube.com/watch?v=violin_basics,youtube,,,,tutorial,iniciante,,[],0,4,true,2026-02-13 17:57:36.711969
c1ada3bd-95ad-4ba0-8b1f-712d4da4ad54,86f83611-c0db-470c-87e7-31ee81b1a009,audio,Concerto Tchaikovsky (rep),Primeiro movimento do famoso concerto,audio/violino/tchaikovsky_concerto.mp3,upload,,,,,avancado,,[],0,8,true,2026-02-13 18:01:39.533249
c1bf4603-f305-4a18-97e6-070857ad49be,453ca164-6f0e-4554-b008-dd68bf4586c2,video,Ave Maria - Schubert,Performance clássica da famosa peça,https://youtube.com/watch?v=ave_maria_violin,youtube,,,,performance,intermediario,,[],0,6,false,2026-02-13 18:01:39.533249
c1d92d2d-5a4e-48d7-b53e-e6c8564b3a8f,df42056c-8a3e-454c-aeca-73b4d608b85c,imagem,Postura do Violinista,Demonstração da postura correta para tocar violino,img/violino/postura.jpg,upload,,,,,iniciante,,[],0,3,true,2026-02-13 18:01:39.533249
c1ed0a36-a123-42c0-9b72-76ce7eb3c2c4,453ca164-6f0e-4554-b008-dd68bf4586c2,video,Ave Maria - Schubert (rep),Performance clássica da famosa peça,https://youtube.com/watch?v=ave_maria_violin,youtube,,,,performance,intermediario,,[],0,6,true,2026-02-13 18:01:39.533249
c23b3963-b742-43ee-a137-7a45210e9418,87ee66bf-bb70-4e70-9aa3-4bff514ced4e,imagem,Postura do Violinista,Demonstração da postura correta para tocar violino,img/violino/postura.jpg,upload,,,,,iniciante,,[],0,3,true,2026-02-13 18:01:39.533249
c25cf851-254e-49c9-a4ef-f93ed435da86,11a7bc0c-232f-40dc-92ac-4d15aebd2d52,imagem,Anatomia do Violino,Diagrama educativo das partes do violino,img/violino/anatomia.jpg,upload,,,,,iniciante,,[],0,2,true,2026-02-13 18:01:39.533249
c262fff4-2b6a-49e3-bfff-dbde8a4a1fa8,4d78c5a4-04bf-452d-b326-83e7c72c10ef,audio,Concerto Tchaikovsky (rep),Primeiro movimento do famoso concerto,audio/violino/tchaikovsky_concerto.mp3,upload,,,,,avancado,,[],0,8,false,2026-02-13 18:01:39.533249
c2788d1d-b149-494a-ac13-10dc49a6604e,c75fe646-ff86-4420-98f0-a0f25d39de45,video,Primeiros Passos no Violino (rep),Aula básica de como segurar o violino e o arco,https://youtube.com/watch?v=violin_basics,youtube,,,,tutorial,iniciante,,[],0,4,false,2026-02-13 18:01:39.533249
c2b52171-83d2-4124-a759-ecf425eed734,850c53c4-2ed6-4a12-a4ff-3fbaecd6bf73,video,Respiração e embocadura,Controle do ar e embocadura.,https://www.youtube.com/watch?v=trombone2,youtube,,,,tecnica,iniciante,240,"[""respiracao"",""trombone""]",0,0,true,2025-06-20 13:43:29.669569
c2db6a8a-dcc1-4f25-82b3-6a15a268896e,35aff373-706c-47d8-8004-d8edcddb1e0c,imagem,Baixo antigo,Baixo elétrico histórico.,/midias/baixo/antigo.jpg,upload,,,,historia,avancado,,"[""historia"",""baixo""]",0,0,true,2025-06-16 04:38:10.049188
c2ecd698-7cbf-408e-9308-7069e5c4233b,bc665a4e-e301-44d3-b8bf-decb09422d71,audio,Concerto Tchaikovsky,Primeiro movimento do famoso concerto,audio/violino/tchaikovsky_concerto.mp3,upload,,,,,avancado,,[],0,8,true,2026-02-13 17:57:36.711969
c2fb3f62-9120-478c-9453-95a677894e7c,34f9e29b-3d22-464a-b31c-c3f4fbb73328,video,Ave Maria - Schubert,Performance clássica da famosa peça,https://youtube.com/watch?v=ave_maria_violin,youtube,,,,performance,intermediario,,[],0,6,true,2026-02-13 18:01:39.533249
c30f45a3-0dc8-403a-92ae-ae9334974762,f8653cdb-e2e7-479a-bfff-c8643859b866,imagem,Violino Stradivarius,Violino clássico de luthier famoso mostrando detalhes da madeira,img/violino/stradivarius.jpg,upload,,,,,iniciante,,[],0,1,true,2026-02-13 17:57:36.711969
c30f4b37-e39a-46b6-9dd9-7dd3562988ec,df168c2e-275a-44ed-9ee7-af356bf724e5,audio,Capricho Paganini,Capricho nº 24 de Paganini,audio/violino/paganini_caprice.mp3,upload,,,,,avancado,,[],0,9,true,2026-02-13 17:57:36.711969
c3125157-dbb4-493d-8550-c2e64f006244,6b11dc1a-295f-4458-9c08-2bcec09ff3ec,audio,Capricho Paganini,Capricho nº 24 de Paganini,audio/violino/paganini_caprice.mp3,upload,,,,,avancado,,[],0,9,true,2026-02-13 18:01:39.533249
c32820dc-7324-436a-beca-73e8e4cf190b,92ecdeff-3480-4f27-85cd-86f12622cf9f,video,Primeiros Passos no Violino,Aula básica de como segurar o violino e o arco,https://youtube.com/watch?v=violin_basics,youtube,,,,tutorial,iniciante,,[],0,4,true,2026-02-13 18:01:39.533249
c32f9f77-61ab-48ec-a387-656ec1e617bd,96b547b5-e685-40f8-952c-9dfce2ad4dc6,video,Violino no Jazz (rep),Improvisação jazzística no violino,https://youtube.com/watch?v=jazz_violin,youtube,,,,performance,avancado,,[],0,7,true,2026-02-13 18:01:39.533249
c3315939-c295-4b1b-b4f5-912ff29b87e4,4bc1c064-fa97-43f5-b6d7-d466ca66635d,3d,Modelo 3D Violino,Modelo tridimensional interativo do violino,models/violino_3d.glb,upload,,,,,iniciante,,[],0,10,true,2026-02-13 18:01:39.533249
c3371ffd-0014-4d41-83aa-324507632aa6,34f9e29b-3d22-464a-b31c-c3f4fbb73328,audio,Capricho Paganini (rep),Capricho nº 24 de Paganini,audio/violino/paganini_caprice.mp3,upload,,,,,avancado,,[],0,9,false,2026-02-13 18:01:39.533249
c34777ac-b2d7-4b65-a9ac-1f36a9a06c0f,32705505-7727-4d27-b7bd-b08e7c90c233,video,Ave Maria - Schubert (rep),Performance clássica da famosa peça,https://youtube.com/watch?v=ave_maria_violin,youtube,,,,performance,intermediario,,[],0,6,true,2026-02-13 18:01:39.533249
c35a9f52-83e3-499e-9c75-d7e24d6be07f,8fbba87d-39e1-4542-b8bb-7c815fdc2b9a,3d,Modelo 3D Violino (rep),Modelo tridimensional interativo do violino,models/violino_3d.glb,upload,,,,,iniciante,,[],0,10,true,2026-02-13 18:01:39.533249
c3805aa1-57d6-4399-be19-acf07b220b37,509d6a26-159a-4976-aa46-83f914f930aa,video,Postura ao tocar,Como segurar o trompete corretamente.,https://www.youtube.com/watch?v=trompete1,youtube,,,,tecnica,iniciante,300,"[""postura"",""trompete""]",0,0,true,2025-06-16 04:03:06.911381
c3bc4ee1-b451-4d9e-b015-e9ae78765320,56e32061-7ed6-495d-9bc1-00cdb345b02e,imagem,Violino Stradivarius,Violino clássico de luthier famoso mostrando detalhes da madeira,img/violino/stradivarius.jpg,upload,,,,,iniciante,,[],0,1,true,2026-02-13 18:01:39.533249
c3c18e61-3cd1-48a6-9d4d-5a12e7b2c318,bc665a4e-e301-44d3-b8bf-decb09422d71,imagem,Violino Stradivarius (rep),Violino clássico de luthier famoso mostrando detalhes da madeira,img/violino/stradivarius.jpg,upload,,,,,iniciante,,[],0,1,true,2026-02-13 18:01:39.533249
c3cc5567-a55f-4c36-92a0-0576b575b13b,56f643e0-a3e2-4067-84ac-334c454426f8,video,Primeiros Passos no Violino,Aula básica de como segurar o violino e o arco,https://youtube.com/watch?v=violin_basics,youtube,,,,tutorial,iniciante,,[],0,4,true,2026-02-13 18:01:39.533249
c3d4a171-9b7c-4aa2-870d-2e798af45342,11a7bc0c-232f-40dc-92ac-4d15aebd2d52,audio,Concerto Tchaikovsky,Primeiro movimento do famoso concerto,audio/violino/tchaikovsky_concerto.mp3,upload,,,,,avancado,,[],0,8,true,2026-02-13 17:57:36.711969
c3d99012-1ae9-4bf4-aa94-80a536fa84e4,df42056c-8a3e-454c-aeca-73b4d608b85c,audio,Concerto Tchaikovsky (rep),Primeiro movimento do famoso concerto,audio/violino/tchaikovsky_concerto.mp3,upload,,,,,avancado,,[],0,8,true,2026-02-13 18:01:39.533249
c3f20f2f-9d90-446f-a541-5a0f17300dbb,412c40b6-f4fc-4379-9d6f-5ce0ec2d669d,video,Postura ao tocar,Posicionamento do corpo ao tocar violoncelo.,https://www.youtube.com/watch?v=violoncelo2,youtube,,,,tecnica,iniciante,240,"[""postura"",""violoncelo""]",0,0,true,2025-06-15 19:35:06.847648
c3fe0c4c-6f67-435e-916e-99175d0d7ad0,3702e3f9-bc82-42b6-ae32-c770081b3ec2,audio,Capricho Paganini,Capricho nº 24 de Paganini,audio/violino/paganini_caprice.mp3,upload,,,,,avancado,,[],0,9,true,2026-02-13 18:01:39.533249
c3fea713-2b3f-4c6a-8d3e-a914b8cbd4b6,453ca164-6f0e-4554-b008-dd68bf4586c2,imagem,Violino Stradivarius,Violino clássico de luthier famoso mostrando detalhes da madeira,img/violino/stradivarius.jpg,upload,,,,,iniciante,,[],0,1,false,2026-02-13 18:01:39.533249
c428824c-0c98-4bc4-8cbf-6d6141d5f358,6b11dc1a-295f-4458-9c08-2bcec09ff3ec,imagem,Anatomia do Violino,Diagrama educativo das partes do violino,img/violino/anatomia.jpg,upload,,,,,iniciante,,[],0,2,true,2026-02-13 18:01:39.533249
c44c8544-0baa-4e43-b161-d658de419bc7,56e32061-7ed6-495d-9bc1-00cdb345b02e,video,Ave Maria - Schubert,Performance clássica da famosa peça,https://youtube.com/watch?v=ave_maria_violin,youtube,,,,performance,intermediario,,[],0,6,true,2026-02-13 17:57:36.711969
c45e3cc8-90c0-4d8b-84fd-2aa3027d416e,6b11dc1a-295f-4458-9c08-2bcec09ff3ec,video,Primeiros Passos no Violino,Aula básica de como segurar o violino e o arco,https://youtube.com/watch?v=violin_basics,youtube,,,,tutorial,iniciante,,[],0,4,true,2026-02-13 18:01:39.533249
c46aebc0-deaa-4bf2-a1cd-8700cf12b04a,86f83611-c0db-470c-87e7-31ee81b1a009,audio,Capricho Paganini,Capricho nº 24 de Paganini,audio/violino/paganini_caprice.mp3,upload,,,,,avancado,,[],0,9,true,2026-02-13 17:57:36.711969
c4ae0890-26a5-4c54-9c0a-4503c47e1e35,ac116dcb-4fd4-4ef6-b6fb-f4ff1287bf68,video,Técnica de Vibrato,Demonstração da técnica de vibrato no violino,https://youtube.com/watch?v=violin_vibrato,youtube,,,,tutorial,avancado,,[],0,5,true,2026-02-13 17:57:36.711969
c4b811ef-6963-4473-bcf4-8a5fed0d67a5,c75fe646-ff86-4420-98f0-a0f25d39de45,video,Ave Maria - Schubert,Performance clássica da famosa peça,https://youtube.com/watch?v=ave_maria_violin,youtube,,,,performance,intermediario,,[],0,6,true,2026-02-13 18:01:39.533249
c4c65c1f-8927-48cb-99f9-a9a64fa213fe,750450cf-e14e-4f02-944e-b3c1bb0f87a4,imagem,Postura do Violinista,Demonstração da postura correta para tocar violino,img/violino/postura.jpg,upload,,,,,iniciante,,[],0,3,true,2026-02-13 17:57:36.711969
c4c91a5f-9315-4ebb-be7b-447197fff515,82052c70-0a9d-4d94-873e-3b402e032f55,imagem,Postura do Violinista,Demonstração da postura correta para tocar violino,img/violino/postura.jpg,upload,,,,,iniciante,,[],0,3,false,2026-02-13 18:01:39.533249
c4d2a4b3-8323-497f-9601-3373f3bf1960,11a7bc0c-232f-40dc-92ac-4d15aebd2d52,video,Técnica de Vibrato,Demonstração da técnica de vibrato no violino,https://youtube.com/watch?v=violin_vibrato,youtube,,,,tutorial,avancado,,[],0,5,true,2026-02-13 18:01:39.533249
c4eba98f-476c-490f-9ce5-147e954887ec,7b6ae164-dfdf-452d-a5c3-d01554861444,video,Violino no Jazz,Improvisação jazzística no violino,https://youtube.com/watch?v=jazz_violin,youtube,,,,performance,avancado,,[],0,7,true,2026-02-13 18:01:39.533249
c4f09e9a-7126-4514-9f18-e466b004bd4c,36b9d36d-f65b-4ba1-89be-4ab3707e874c,audio,Escala de Dó,Escala completa.,/midias/fagote/escala_do.mp3,upload,,,,tecnica,iniciante,60,"[""escala"",""fagote""]",0,0,true,2025-06-20 02:48:24.932103
c516a491-a32f-41f3-bd12-e60554984ec3,850c53c4-2ed6-4a12-a4ff-3fbaecd6bf73,video,Glissando,Demonstração de glissando.,https://www.youtube.com/watch?v=trombone4,youtube,,,,tecnica,iniciante,180,"[""glissando"",""trombone""]",0,0,true,2025-06-20 13:43:29.669569
c51d078e-2352-4e2a-8690-4248aba88245,b7425269-f2bb-454c-8c61-e3e9d028c9b4,imagem,Violino Stradivarius,Violino clássico de luthier famoso mostrando detalhes da madeira,img/violino/stradivarius.jpg,upload,,,,,iniciante,,[],0,1,false,2026-02-13 18:01:39.533249
c527cec4-c3c0-4caf-8927-0b09ec37652b,92ecdeff-3480-4f27-85cd-86f12622cf9f,audio,Concerto Tchaikovsky,Primeiro movimento do famoso concerto,audio/violino/tchaikovsky_concerto.mp3,upload,,,,,avancado,,[],0,8,true,2026-02-13 17:57:36.711969
c538dea2-74e0-48c3-8a97-7f6d3762ce3b,86f83611-c0db-470c-87e7-31ee81b1a009,audio,Concerto Tchaikovsky,Primeiro movimento do famoso concerto,audio/violino/tchaikovsky_concerto.mp3,upload,,,,,avancado,,[],0,8,false,2026-02-13 18:01:39.533249
c5579b82-53a0-4d11-8df2-8e97f0148400,509d6a26-159a-4976-aa46-83f914f930aa,3d,Modelo 3D Violino,Modelo tridimensional interativo do violino,models/violino_3d.glb,upload,,,,,iniciante,,[],0,10,true,2026-02-13 17:57:36.711969
c57d1d54-6c63-4548-afc8-864b5cde86a9,4445b5c9-dcdf-4dd3-8ce6-bb04a22127ce,audio,Capricho Paganini,Capricho nº 24 de Paganini,audio/violino/paganini_caprice.mp3,upload,,,,,avancado,,[],0,9,true,2026-02-13 17:57:36.711969
c597fd9e-081d-4966-a5ad-0fe001769acb,82052c70-0a9d-4d94-873e-3b402e032f55,imagem,Violino Stradivarius,Violino clássico de luthier famoso mostrando detalhes da madeira,img/violino/stradivarius.jpg,upload,,,,,iniciante,,[],0,1,true,2026-02-13 17:57:36.711969
c5be32e1-1690-4428-adbc-b4e4f08b5f63,509d6a26-159a-4976-aa46-83f914f930aa,video,Técnica de Vibrato,Demonstração da técnica de vibrato no violino,https://youtube.com/watch?v=violin_vibrato,youtube,,,,tutorial,avancado,,[],0,5,true,2026-02-13 17:57:36.711969
c5fba478-90b7-4de6-9bd9-99ce6e8f2258,86f83611-c0db-470c-87e7-31ee81b1a009,imagem,Violino Stradivarius,Violino clássico de luthier famoso mostrando detalhes da madeira,img/violino/stradivarius.jpg,upload,,,,,iniciante,,[],0,1,false,2026-02-13 18:01:39.533249
c6287ac0-45d1-4303-ab06-6a68c767c489,56e32061-7ed6-495d-9bc1-00cdb345b02e,video,Ave Maria - Schubert (rep),Performance clássica da famosa peça,https://youtube.com/watch?v=ave_maria_violin,youtube,,,,performance,intermediario,,[],0,6,false,2026-02-13 18:01:39.533249
c63f74e7-e017-44dc-8056-9478f33973b8,56e32061-7ed6-495d-9bc1-00cdb345b02e,imagem,Violino Stradivarius (rep),Violino clássico de luthier famoso mostrando detalhes da madeira,img/violino/stradivarius.jpg,upload,,,,,iniciante,,[],0,1,true,2026-02-13 18:01:39.533249
c698ca65-61ff-498c-9ea0-7761ff75da1a,2abbd218-b737-410e-934b-f9c8f3d2b806,video,Violino no Jazz (rep),Improvisação jazzística no violino,https://youtube.com/watch?v=jazz_violin,youtube,,,,performance,avancado,,[],0,7,true,2026-02-13 18:01:39.533249
c69a25d0-51ca-4194-8f11-4060b19c1d22,cca87ab1-8ad4-4876-a8d8-190f85927952,imagem,Postura do Violinista,Demonstração da postura correta para tocar violino,img/violino/postura.jpg,upload,,,,,iniciante,,[],0,3,true,2026-02-13 17:57:36.711969
c6c7c769-db50-4fea-9b69-263f70f8e593,9b42a23b-ac7f-42e1-8a04-bde4c525fbde,video,História do oboé,Documentário.,https://www.youtube.com/watch?v=oboe6,youtube,,,,historia,iniciante,420,"[""historia"",""oboe""]",0,0,true,2025-06-20 05:15:55.927047
c6ebd671-8452-434f-ba7d-9b2b9c399472,3e02292d-bd2f-46ed-9b9e-a0c8b0acd996,video,Violino no Jazz (rep),Improvisação jazzística no violino,https://youtube.com/watch?v=jazz_violin,youtube,,,,performance,avancado,,[],0,7,true,2026-02-13 18:01:39.533249
c6fe2476-5346-4d89-8202-d92ab77826c0,64b94e98-6ad2-4e7f-9aa0-b57f6bb58df1,imagem,Anatomia do Violino,Diagrama educativo das partes do violino,img/violino/anatomia.jpg,upload,,,,,iniciante,,[],0,2,true,2026-02-13 18:01:39.533249
c7213345-ca67-439b-b226-a0585f558eb6,64b94e98-6ad2-4e7f-9aa0-b57f6bb58df1,video,Violino no Jazz,Improvisação jazzística no violino,https://youtube.com/watch?v=jazz_violin,youtube,,,,performance,avancado,,[],0,7,true,2026-02-13 17:57:36.711969
c723d76e-6247-4629-9f88-5ea2f335d17f,b73f1d80-3d73-487e-89b8-ab35274a8dd4,video,História do contrabaixo,Documentário.,https://www.youtube.com/watch?v=contrabaixo7,youtube,,,,historia,iniciante,420,"[""historia"",""contrabaixo""]",0,0,true,2025-06-16 05:28:34.120792
c7372481-fb0f-46d9-8683-43719abecfd1,9edff4db-9ef5-43fc-970a-7d2086de223b,imagem,Postura do Violinista (rep),Demonstração da postura correta para tocar violino,img/violino/postura.jpg,upload,,,,,iniciante,,[],0,3,true,2026-02-13 18:01:39.533249
c7860046-8ed9-4063-8962-1b6df6327378,d7c80fe1-ab43-4920-b2aa-d9b4f3ace166,video,Vibrato no clarinete,Como aplicar vibrato,https://www.youtube.com/watch?v=clarinete9,youtube,,,,tecnica,intermediario,180,"[""vibrato"",""clarinete""]",0,0,true,2025-06-15 19:19:49.258132
c7ba55d2-1e66-4264-bbbe-e7b7629f5b2b,cca87ab1-8ad4-4876-a8d8-190f85927952,audio,Concerto Tchaikovsky,Primeiro movimento do famoso concerto,audio/violino/tchaikovsky_concerto.mp3,upload,,,,,avancado,,[],0,8,true,2026-02-13 17:57:36.711969
c7ed5316-019c-4865-a8b6-1cd108984db3,9c3a903d-8750-4ded-9341-c876a6d6de93,video,Violino no Jazz (rep),Improvisação jazzística no violino,https://youtube.com/watch?v=jazz_violin,youtube,,,,performance,avancado,,[],0,7,false,2026-02-13 18:01:39.533249
c7f66a74-cf28-4b93-8848-c1756698ee63,7b6ae164-dfdf-452d-a5c3-d01554861444,audio,Concerto Tchaikovsky,Primeiro movimento do famoso concerto,audio/violino/tchaikovsky_concerto.mp3,upload,,,,,avancado,,[],0,8,true,2026-02-13 18:01:39.533249
c806e207-aa78-46e3-928b-8e4aebd71ce5,86f83611-c0db-470c-87e7-31ee81b1a009,audio,Capricho Paganini (rep),Capricho nº 24 de Paganini,audio/violino/paganini_caprice.mp3,upload,,,,,avancado,,[],0,9,true,2026-02-13 18:01:39.533249
c8175a0c-29c0-4423-9da5-81cf94d792c8,ac116dcb-4fd4-4ef6-b6fb-f4ff1287bf68,video,Ave Maria - Schubert,Performance clássica da famosa peça,https://youtube.com/watch?v=ave_maria_violin,youtube,,,,performance,intermediario,,[],0,6,true,2026-02-13 17:57:36.711969
c8194d5b-298e-4fad-a8c2-88c5c6c67ece,1f8c0a22-f3fc-4f51-8938-6e1cc6e24f85,imagem,Violino Stradivarius,Violino clássico de luthier famoso mostrando detalhes da madeira,img/violino/stradivarius.jpg,upload,,,,,iniciante,,[],0,1,true,2026-02-13 18:01:39.533249
c84a78e6-6718-4bc3-9f17-841ee3f83d53,87ee66bf-bb70-4e70-9aa3-4bff514ced4e,video,Violino no Jazz,Improvisação jazzística no violino,https://youtube.com/watch?v=jazz_violin,youtube,,,,performance,avancado,,[],0,7,true,2026-02-13 17:57:36.711969
c851fbd6-ad37-4a8e-9c8b-6fcba51e5d78,9b42a23b-ac7f-42e1-8a04-bde4c525fbde,audio,Orquestra,Execução em orquestra.,/midias/oboe/orquestra.mp3,upload,,,,performance,avancado,300,"[""orquestra"",""oboe""]",0,0,true,2025-06-20 05:15:55.927047
c8585802-6386-4d9e-ae12-45c253861ddc,df49fd27-9bcd-4462-a0f8-b36f0ff9f97f,imagem,Fender Stratocaster Clássica,Guitarra icônica que revolucionou a música moderna,img/guitarra/stratocaster.jpg,upload,,,,,iniciante,,[],0,1,true,2025-06-09 04:29:36.307529
c87a45d5-5b56-443a-bea9-6709728f0f17,0b9c8c6b-0e47-471c-b83b-01c931410692,audio,Capricho Paganini,Capricho nº 24 de Paganini,audio/violino/paganini_caprice.mp3,upload,,,,,avancado,,[],0,9,false,2026-02-13 18:01:39.533249
c8851591-760d-4ec8-8979-30e5db0062ad,92ecdeff-3480-4f27-85cd-86f12622cf9f,video,Violino no Jazz (rep),Improvisação jazzística no violino,https://youtube.com/watch?v=jazz_violin,youtube,,,,performance,avancado,,[],0,7,false,2026-02-13 18:01:39.533249
c891e098-5d8d-4919-abe8-0585e551bc8c,df49fd27-9bcd-4462-a0f8-b36f0ff9f97f,imagem,Anatomia da Guitarra Elétrica,Diagrama detalhado das partes da guitarra,img/guitarra/anatomia.jpg,upload,,,,,iniciante,,[],0,2,true,2025-06-09 04:27:22.284765
c8a6cdd3-bfc2-4f31-b3d5-51dc44152882,df42056c-8a3e-454c-aeca-73b4d608b85c,video,Primeiros Passos no Violino,Aula básica de como segurar o violino e o arco,https://youtube.com/watch?v=violin_basics,youtube,,,,tutorial,iniciante,,[],0,4,true,2026-02-13 18:01:39.533249
c8c615bb-67bd-4048-976b-68d6867a3df7,26cadf44-6d7b-4f9b-85d6-6b2c40715f45,audio,Trinado,Execução trinado.,/midias/saxofone/trinado.mp3,upload,,,,tecnica,intermediario,60,"[""trinado"",""saxofone""]",0,0,false,2025-06-16 00:57:47.581967
c8c9c2ee-fe0b-4b56-ad3d-ea75190809e4,3957c464-86dc-4aa2-9f09-57b5eb2a6c6a,audio,Concerto Tchaikovsky,Primeiro movimento do famoso concerto,audio/violino/tchaikovsky_concerto.mp3,upload,,,,,avancado,,[],0,8,true,2026-02-13 18:01:39.533249
c8cd7b20-43aa-4a8b-936d-94c4af09ea57,4445b5c9-dcdf-4dd3-8ce6-bb04a22127ce,imagem,Violino Stradivarius,Violino clássico de luthier famoso mostrando detalhes da madeira,img/violino/stradivarius.jpg,upload,,,,,iniciante,,[],0,1,true,2026-02-13 17:57:36.711969
c8db4f97-b272-4117-92d2-4f73ee272e35,bc665a4e-e301-44d3-b8bf-decb09422d71,imagem,Anatomia do Violino,Diagrama educativo das partes do violino,img/violino/anatomia.jpg,upload,,,,,iniciante,,[],0,2,false,2026-02-13 18:01:39.533249
c8ef6bdd-3d7d-4e17-8bf0-0451dc6942e9,b73f1d80-3d73-487e-89b8-ab35274a8dd4,audio,Solo,Trecho solo.,/midias/contrabaixo/solo.mp3,upload,,,,performance,avancado,180,"[""solo"",""contrabaixo""]",0,0,true,2025-06-16 05:28:34.120792
c90c57c3-7873-4986-8f7e-987965635809,3e02292d-bd2f-46ed-9b9e-a0c8b0acd996,audio,Concerto Tchaikovsky,Primeiro movimento do famoso concerto,audio/violino/tchaikovsky_concerto.mp3,upload,,,,,avancado,,[],0,8,true,2026-02-13 17:57:36.711969
c933a5d5-5b1d-4ce0-8a3d-086df8916dba,df168c2e-275a-44ed-9ee7-af356bf724e5,imagem,Anatomia do Violino,Diagrama educativo das partes do violino,img/violino/anatomia.jpg,upload,,,,,iniciante,,[],0,2,true,2026-02-13 18:01:39.533249
c95f284b-7d13-4b47-b9a8-0a04b5dae585,92ecdeff-3480-4f27-85cd-86f12622cf9f,audio,Capricho Paganini,Capricho nº 24 de Paganini,audio/violino/paganini_caprice.mp3,upload,,,,,avancado,,[],0,9,true,2026-02-13 18:01:39.533249
c9c5c35a-8cc7-4501-a03f-c140ecbd8521,bee0f63a-e248-4f2c-9325-0a23cb3c5a8e,video,Ave Maria - Schubert (rep),Performance clássica da famosa peça,https://youtube.com/watch?v=ave_maria_violin,youtube,,,,performance,intermediario,,[],0,6,true,2026-02-13 18:01:39.533249
c9c5d350-76dd-4ba8-9ce7-1a65941464b9,1f8c0a22-f3fc-4f51-8938-6e1cc6e24f85,3d,Modelo 3D Violino,Modelo tridimensional interativo do violino,models/violino_3d.glb,upload,,,,,iniciante,,[],0,10,false,2026-02-13 18:01:39.533249
c9d64db4-5cee-47a3-b28d-51a50f4ed42f,0b9c8c6b-0e47-471c-b83b-01c931410692,3d,Modelo 3D Violino,Modelo tridimensional interativo do violino,models/violino_3d.glb,upload,,,,,iniciante,,[],0,10,true,2026-02-13 18:01:39.533249
c9e23211-ae96-4d48-be99-ca5101241801,57d10b2f-c49f-460d-8fab-3da3065c15c2,audio,Capricho Paganini,Capricho nº 24 de Paganini,audio/violino/paganini_caprice.mp3,upload,,,,,avancado,,[],0,9,false,2026-02-13 18:01:39.533249
c9f9119f-f535-4f34-b617-e0204d1eff3c,8ddb4eea-18b9-4b8f-bb85-16a1f5474f87,imagem,Violino Stradivarius,Violino clássico de luthier famoso mostrando detalhes da madeira,img/violino/stradivarius.jpg,upload,,,,,iniciante,,[],0,1,false,2026-02-13 18:01:39.533249
ca071b17-8ae7-4a24-bac1-bb1c67113194,26cadf44-6d7b-4f9b-85d6-6b2c40715f45,audio,Expressão,Execução expressiva.,/midias/saxofone/expressao.mp3,upload,,,,tecnica,intermediario,60,"[""expressao"",""saxofone""]",0,0,false,2025-06-16 00:57:47.581967
ca1aa3d6-5e9a-45bd-a110-2608573ce19f,56e32061-7ed6-495d-9bc1-00cdb345b02e,video,Técnica de Vibrato (rep),Demonstração da técnica de vibrato no violino,https://youtube.com/watch?v=violin_vibrato,youtube,,,,tutorial,avancado,,[],0,5,false,2026-02-13 18:01:39.533249
ca758145-35fd-4b1a-b92b-18dfbbe9868c,d7c80fe1-ab43-4920-b2aa-d9b4f3ace166,imagem,Clarinete em jazz,Foto em grupo de jazz,/midias/clarinete/jazz.jpg,upload,,,,performance,intermediario,,"[""jazz"",""clarinete""]",0,0,true,2025-06-15 19:19:49.258132
ca81523c-8489-467d-bf72-a65aecf851f0,36040329-1aa6-428a-ad39-cd85de03493e,imagem,Violino Stradivarius,Violino clássico de luthier famoso mostrando detalhes da madeira,img/violino/stradivarius.jpg,upload,,,,,iniciante,,[],0,1,false,2026-02-13 18:01:39.533249
caa37958-75cc-47f3-93c0-59ff6b20c07d,9a5e0eac-114e-4173-90af-32b55c870675,3d,Modelo 3D Violino,Modelo tridimensional interativo do violino,models/violino_3d.glb,upload,,,,,iniciante,,[],0,10,true,2026-02-13 18:01:39.533249
caa90712-bca3-45fd-8410-d1f39acdb9bb,8bd473f1-7b35-4b9e-869a-17fb73c6e047,video,História do teclado,Documentário.,https://www.youtube.com/watch?v=teclado8,youtube,,,,historia,iniciante,420,"[""historia"",""teclado""]",0,0,true,2025-06-15 20:36:24.121938
cacef451-c2b8-477d-a837-3b44e2b197d1,11a7bc0c-232f-40dc-92ac-4d15aebd2d52,video,Ave Maria - Schubert,Performance clássica da famosa peça,https://youtube.com/watch?v=ave_maria_violin,youtube,,,,performance,intermediario,,[],0,6,true,2026-02-13 18:01:39.533249
cb13d6b5-28fb-4813-8694-e6fc2ca9e55e,df168c2e-275a-44ed-9ee7-af356bf724e5,imagem,Anatomia do Violino,Diagrama educativo das partes do violino,img/violino/anatomia.jpg,upload,,,,,iniciante,,[],0,2,true,2026-02-13 18:01:39.533249
cb15c8df-4100-4d8c-a6c5-c32d6bc38c7d,13912e91-7b48-4a8d-82b7-b59515c2a0d3,audio,Capricho Paganini,Capricho nº 24 de Paganini,audio/violino/paganini_caprice.mp3,upload,,,,,avancado,,[],0,9,false,2026-02-13 18:01:39.533249
cb2f6cda-8a6b-418e-8c7e-ed30f9e5aed7,174f6ed4-3c21-444a-acfa-5149f53f2ca0,video,Primeiros Passos no Violino,Aula básica de como segurar o violino e o arco,https://youtube.com/watch?v=violin_basics,youtube,,,,tutorial,iniciante,,[],0,4,true,2026-02-13 17:57:36.711969
cb3774de-9403-423b-98f5-eaaa73e3f533,3e02292d-bd2f-46ed-9b9e-a0c8b0acd996,video,Violino no Jazz,Improvisação jazzística no violino,https://youtube.com/watch?v=jazz_violin,youtube,,,,performance,avancado,,[],0,7,true,2026-02-13 18:01:39.533249
cb5b6324-a00d-42aa-8482-cc7f92c613fc,d7c80fe1-ab43-4920-b2aa-d9b4f3ace166,video,Montagem do clarinete,Como montar corretamente,https://www.youtube.com/watch?v=clarinete2,youtube,,,,tecnica,iniciante,240,"[""montagem"",""clarinete""]",0,0,true,2025-06-15 19:19:49.258132
cb9acaf9-2080-4b68-b820-fc1dbe8d06ac,fb125188-c48e-4d89-a46e-11c3b600dabd,video,Ave Maria - Schubert,Performance clássica da famosa peça,https://youtube.com/watch?v=ave_maria_violin,youtube,,,,performance,intermediario,,[],0,6,true,2026-02-13 18:01:39.533249
cb9c7c2d-534b-4d1a-8992-383c42f93c15,96b547b5-e685-40f8-952c-9dfce2ad4dc6,video,Primeiros Passos no Violino,Aula básica de como segurar o violino e o arco,https://youtube.com/watch?v=violin_basics,youtube,,,,tutorial,iniciante,,[],0,4,true,2026-02-13 17:57:36.711969
cb9e923a-5fa9-4e60-b069-47411ee633ca,63ebeaeb-be5d-4c26-a5cf-f59b71423401,video,Ave Maria - Schubert (rep),Performance clássica da famosa peça,https://youtube.com/watch?v=ave_maria_violin,youtube,,,,performance,intermediario,,[],0,6,false,2026-02-13 18:01:39.533249
cba4a1b6-7502-40f3-bc66-5e61c4be0be2,e54b748d-3b1b-48ba-b65e-ec1e476e94ad,video,Técnica de Vibrato,Demonstração da técnica de vibrato no violino,https://youtube.com/watch?v=violin_vibrato,youtube,,,,tutorial,avancado,,[],0,5,true,2026-02-13 17:57:36.711969
cbbaf59a-62e3-4b64-b7c3-e6f453b37fcb,492f792b-8d0c-46b7-a195-c8c32114696d,audio,Concerto Tchaikovsky,Primeiro movimento do famoso concerto,audio/violino/tchaikovsky_concerto.mp3,upload,,,,,avancado,,[],0,8,false,2026-02-13 18:01:39.533249
cbe0ca3d-48c1-4069-b4a4-46c2e7ffd449,86f83611-c0db-470c-87e7-31ee81b1a009,video,Ave Maria - Schubert (rep),Performance clássica da famosa peça,https://youtube.com/watch?v=ave_maria_violin,youtube,,,,performance,intermediario,,[],0,6,true,2026-02-13 18:01:39.533249
cbe95724-2318-4274-a347-7443599b034d,e48ad87b-d237-45e4-a707-05374c4240fa,audio,Capricho Paganini (rep),Capricho nº 24 de Paganini,audio/violino/paganini_caprice.mp3,upload,,,,,avancado,,[],0,9,true,2026-02-13 18:01:39.533249
cbfffbd9-9b84-47a2-b51e-2df021fbdb9f,c75fe646-ff86-4420-98f0-a0f25d39de45,audio,Concerto Tchaikovsky,Primeiro movimento do famoso concerto,audio/violino/tchaikovsky_concerto.mp3,upload,,,,,avancado,,[],0,8,true,2026-02-13 18:01:39.533249
cc0bc516-ec29-484b-a0fe-737e377fc4c7,761a3318-9a5e-46f3-88f2-62159b96100c,3d,Modelo 3D Violino,Modelo tridimensional interativo do violino,models/violino_3d.glb,upload,,,,,iniciante,,[],0,10,true,2026-02-13 18:01:39.533249
cc11988b-e10b-4b74-b409-6dc7d255a9e9,56f643e0-a3e2-4067-84ac-334c454426f8,audio,Concerto Tchaikovsky (rep),Primeiro movimento do famoso concerto,audio/violino/tchaikovsky_concerto.mp3,upload,,,,,avancado,,[],0,8,false,2026-02-13 18:01:39.533249
cc1840d3-cdc8-48c3-b397-89e35706f184,509d6a26-159a-4976-aa46-83f914f930aa,video,Primeiros Passos no Violino,Aula básica de como segurar o violino e o arco,https://youtube.com/watch?v=violin_basics,youtube,,,,tutorial,iniciante,,[],0,4,true,2026-02-13 17:57:36.711969
cc253752-543d-4dd2-8826-490609aff947,8fbba87d-39e1-4542-b8bb-7c815fdc2b9a,imagem,Postura do Violinista,Demonstração da postura correta para tocar violino,img/violino/postura.jpg,upload,,,,,iniciante,,[],0,3,false,2026-02-13 18:01:39.533249
cc476c50-2809-44e3-9200-d79401380658,35aff373-706c-47d8-8004-d8edcddb1e0c,audio,Escala de Dó,Escala completa.,/midias/baixo/escala_do.mp3,upload,,,,tecnica,iniciante,60,"[""escala"",""baixo""]",0,0,true,2025-06-16 04:38:10.049188
cc4c1fb6-8990-4a97-853f-8bc073656dbb,0b9c8c6b-0e47-471c-b83b-01c931410692,video,Técnica de Vibrato,Demonstração da técnica de vibrato no violino,https://youtube.com/watch?v=violin_vibrato,youtube,,,,tutorial,avancado,,[],0,5,true,2026-02-13 17:57:36.711969
cc72bd4e-771f-450d-a34b-e6084a1400d7,df168c2e-275a-44ed-9ee7-af356bf724e5,imagem,Postura do Violinista,Demonstração da postura correta para tocar violino,img/violino/postura.jpg,upload,,,,,iniciante,,[],0,3,true,2026-02-13 18:01:39.533249
ccaa3551-a841-4dc8-9547-1e3d24827bc1,bc665a4e-e301-44d3-b8bf-decb09422d71,3d,Modelo 3D Violino,Modelo tridimensional interativo do violino,models/violino_3d.glb,upload,,,,,iniciante,,[],0,10,true,2026-02-13 17:57:36.711969
ccb3bf67-2009-4d16-b081-405795fc89b4,1b699036-0f72-4c48-9801-e01f6f25e165,video,Primeiros Passos no Violino,Aula básica de como segurar o violino e o arco,https://youtube.com/watch?v=violin_basics,youtube,,,,tutorial,iniciante,,[],0,4,true,2026-02-13 18:01:39.533249
cd00f6d4-a1bb-44ca-8e95-470184ddd9e4,ee709f67-e4e4-4f9c-9001-7574e4d8dfa0,audio,Capricho Paganini,Capricho nº 24 de Paganini,audio/violino/paganini_caprice.mp3,upload,,,,,avancado,,[],0,9,false,2026-02-13 18:01:39.533249
cd6109b7-e860-4459-b83d-9125f5db7d34,56e32061-7ed6-495d-9bc1-00cdb345b02e,imagem,Anatomia do Violino,Diagrama educativo das partes do violino,img/violino/anatomia.jpg,upload,,,,,iniciante,,[],0,2,true,2026-02-13 18:01:39.533249
cd70281d-7e1a-4922-87e4-90a10c4057d8,4445b5c9-dcdf-4dd3-8ce6-bb04a22127ce,audio,Capricho Paganini,Capricho nº 24 de Paganini,audio/violino/paganini_caprice.mp3,upload,,,,,avancado,,[],0,9,true,2026-02-13 18:01:39.533249
cd8bce1e-3d84-4928-81a5-9ad4e299490e,92ecdeff-3480-4f27-85cd-86f12622cf9f,imagem,Violino Stradivarius (rep),Violino clássico de luthier famoso mostrando detalhes da madeira,img/violino/stradivarius.jpg,upload,,,,,iniciante,,[],0,1,false,2026-02-13 18:01:39.533249
cdda7f77-1d4e-4464-ab3a-6b0722ded613,e54b748d-3b1b-48ba-b65e-ec1e476e94ad,imagem,Postura do Violinista,Demonstração da postura correta para tocar violino,img/violino/postura.jpg,upload,,,,,iniciante,,[],0,3,false,2026-02-13 18:01:39.533249
ce0d9d23-a182-4929-83dc-e16e99845bff,26cadf44-6d7b-4f9b-85d6-6b2c40715f45,imagem,Saxofone solo,Saxofonista em solo.,/midias/saxofone/solo.jpg,upload,,,,performance,avancado,,"[""solo"",""saxofone""]",0,0,true,2025-06-16 00:56:26.375072
ce3b38e6-3ec7-471c-8d37-cca0f61c9aa3,ac116dcb-4fd4-4ef6-b6fb-f4ff1287bf68,video,Técnica de Vibrato (rep),Demonstração da técnica de vibrato no violino,https://youtube.com/watch?v=violin_vibrato,youtube,,,,tutorial,avancado,,[],0,5,false,2026-02-13 18:01:39.533249
ce5aded2-d294-49f4-86c6-f2656a4b162e,4bc1c064-fa97-43f5-b6d7-d466ca66635d,3d,Modelo 3D Violino,Modelo tridimensional interativo do violino,models/violino_3d.glb,upload,,,,,iniciante,,[],0,10,true,2026-02-13 17:57:36.711969
ce9448c1-4987-4fc4-af99-0d7e4e055822,b7425269-f2bb-454c-8c61-e3e9d028c9b4,video,Técnica de Vibrato,Demonstração da técnica de vibrato no violino,https://youtube.com/watch?v=violin_vibrato,youtube,,,,tutorial,avancado,,[],0,5,true,2026-02-13 17:57:36.711969
ceda7973-9066-4346-b865-71b86cefd708,11a7bc0c-232f-40dc-92ac-4d15aebd2d52,audio,Capricho Paganini,Capricho nº 24 de Paganini,audio/violino/paganini_caprice.mp3,upload,,,,,avancado,,[],0,9,true,2026-02-13 17:57:36.711969
ceddd971-a44e-41f6-a37b-720e644d7d1e,174f6ed4-3c21-444a-acfa-5149f53f2ca0,3d,Modelo 3D Violino,Modelo tridimensional interativo do violino,models/violino_3d.glb,upload,,,,,iniciante,,[],0,10,true,2026-02-13 18:01:39.533249
cf2eac81-fda2-400d-961f-ae104f9e29e8,0e52514e-58c3-463a-a6e4-f71a1439f9b7,audio,Concerto Tchaikovsky,Primeiro movimento do famoso concerto,audio/violino/tchaikovsky_concerto.mp3,upload,,,,,avancado,,[],0,8,true,2026-02-13 17:57:36.711969
cf36e7a9-9896-4b20-8052-9a3ab5c183b1,1b699036-0f72-4c48-9801-e01f6f25e165,imagem,Violino Stradivarius (rep),Violino clássico de luthier famoso mostrando detalhes da madeira,img/violino/stradivarius.jpg,upload,,,,,iniciante,,[],0,1,false,2026-02-13 18:01:39.533249
cf540344-57c8-4dfb-bec5-e72dfe452de7,86f83611-c0db-470c-87e7-31ee81b1a009,imagem,Postura do Violinista,Demonstração da postura correta para tocar violino,img/violino/postura.jpg,upload,,,,,iniciante,,[],0,3,true,2026-02-13 17:57:36.711969
cf60b6f6-880d-485d-bf49-405cfc0a1cdc,8ddb4eea-18b9-4b8f-bb85-16a1f5474f87,audio,Capricho Paganini,Capricho nº 24 de Paganini,audio/violino/paganini_caprice.mp3,upload,,,,,avancado,,[],0,9,false,2026-02-13 18:01:39.533249
cf7ee981-013e-45d9-a77c-49d8e83fac56,56e32061-7ed6-495d-9bc1-00cdb345b02e,video,Ave Maria - Schubert,Performance clássica da famosa peça,https://youtube.com/watch?v=ave_maria_violin,youtube,,,,performance,intermediario,,[],0,6,true,2026-02-13 18:01:39.533249
cf845e4f-7453-4ba4-aea4-a73b486273ea,82052c70-0a9d-4d94-873e-3b402e032f55,video,Ave Maria - Schubert,Performance clássica da famosa peça,https://youtube.com/watch?v=ave_maria_violin,youtube,,,,performance,intermediario,,[],0,6,true,2026-02-13 18:01:39.533249
cf899a32-5bd0-42bb-8ec5-263cc61467f7,fb125188-c48e-4d89-a46e-11c3b600dabd,audio,Capricho Paganini,Capricho nº 24 de Paganini,audio/violino/paganini_caprice.mp3,upload,,,,,avancado,,[],0,9,true,2026-02-13 17:57:36.711969
cf965714-4544-4256-b2f5-b8f4d6a0b8e7,bc665a4e-e301-44d3-b8bf-decb09422d71,video,Violino no Jazz,Improvisação jazzística no violino,https://youtube.com/watch?v=jazz_violin,youtube,,,,performance,avancado,,[],0,7,false,2026-02-13 18:01:39.533249
cfbaf597-c400-49a0-90da-b732c6cd3120,9a5e0eac-114e-4173-90af-32b55c870675,video,Violino no Jazz,Improvisação jazzística no violino,https://youtube.com/watch?v=jazz_violin,youtube,,,,performance,avancado,,[],0,7,true,2026-02-13 18:01:39.533249
cfc34923-888d-4271-86c3-81af89ad3f3b,6925f61b-ba48-473a-b69a-e3548036c1df,video,Técnica de Vibrato,Demonstração da técnica de vibrato no violino,https://youtube.com/watch?v=violin_vibrato,youtube,,,,tutorial,avancado,,[],0,5,true,2026-02-13 17:57:36.711969
cfd6c89c-2fd7-4829-a6da-8c95d56cc059,4445b5c9-dcdf-4dd3-8ce6-bb04a22127ce,imagem,Anatomia do Violino,Diagrama educativo das partes do violino,img/violino/anatomia.jpg,upload,,,,,iniciante,,[],0,2,true,2026-02-13 18:01:39.533249
d0086773-d64d-4ed0-9018-ce2c1fcc21ec,82052c70-0a9d-4d94-873e-3b402e032f55,video,Técnica de Vibrato (rep),Demonstração da técnica de vibrato no violino,https://youtube.com/watch?v=violin_vibrato,youtube,,,,tutorial,avancado,,[],0,5,true,2026-02-13 18:01:39.533249
d0089670-e4e7-4f4e-bfa5-4fa1bfad5d3e,8bd473f1-7b35-4b9e-869a-17fb73c6e047,imagem,Partes do teclado,Imagem anotada com as partes do teclado.,/midias/teclado/partes.jpg,upload,,,,tecnica,iniciante,,"[""anatomia"",""teclado""]",0,0,true,2025-06-15 20:36:24.121938
d00f3362-b426-4043-891a-e579f149acd2,0e52514e-58c3-463a-a6e4-f71a1439f9b7,imagem,Violino Stradivarius,Violino clássico de luthier famoso mostrando detalhes da madeira,img/violino/stradivarius.jpg,upload,,,,,iniciante,,[],0,1,true,2026-02-13 18:01:39.533249
d03b63c9-68fb-44ac-8173-22da269002bd,fb125188-c48e-4d89-a46e-11c3b600dabd,audio,Concerto Tchaikovsky,Primeiro movimento do famoso concerto,audio/violino/tchaikovsky_concerto.mp3,upload,,,,,avancado,,[],0,8,true,2026-02-13 18:01:39.533249
d0489657-533e-47a8-a8c8-963c051f6d44,4c61dc18-2b1e-48c8-8a2e-2c730679d4a5,video,Técnica de Vibrato,Demonstração da técnica de vibrato no violino,https://youtube.com/watch?v=violin_vibrato,youtube,,,,tutorial,avancado,,[],0,5,true,2026-02-13 18:01:39.533249
d061f408-7775-431f-bb91-ffa16a46190f,761a3318-9a5e-46f3-88f2-62159b96100c,imagem,Anatomia do Violino (rep),Diagrama educativo das partes do violino,img/violino/anatomia.jpg,upload,,,,,iniciante,,[],0,2,true,2026-02-13 18:01:39.533249
d07736a3-f1da-40d6-896d-babf388d9a31,b73f1d80-3d73-487e-89b8-ab35274a8dd4,video,Orquestra sinfônica,Contrabaixo na orquestra.,https://www.youtube.com/watch?v=contrabaixo6,youtube,,,,performance,avancado,600,"[""orquestra"",""contrabaixo""]",0,0,true,2025-06-16 05:28:34.120792
d07f77c1-d32a-437c-b641-f3a321690432,b7425269-f2bb-454c-8c61-e3e9d028c9b4,video,Primeiros Passos no Violino (rep),Aula básica de como segurar o violino e o arco,https://youtube.com/watch?v=violin_basics,youtube,,,,tutorial,iniciante,,[],0,4,true,2026-02-13 18:01:39.533249
d08d3283-9932-4393-a04c-dbc92a0ab85a,f8653cdb-e2e7-479a-bfff-c8643859b866,audio,Capricho Paganini (rep),Capricho nº 24 de Paganini,audio/violino/paganini_caprice.mp3,upload,,,,,avancado,,[],0,9,true,2026-02-13 18:01:39.533249
d092c06f-52b5-4caa-b300-a72311e4b8c4,a0f53672-7d87-4ab4-a64f-b551fc1a380d,3d,Modelo 3D Violino,Modelo tridimensional interativo do violino,models/violino_3d.glb,upload,,,,,iniciante,,[],0,10,true,2026-02-13 18:01:39.533249
d0a541b3-25a6-4ac4-a7ee-2c0ca30283af,11a7bc0c-232f-40dc-92ac-4d15aebd2d52,imagem,Postura do Violinista,Demonstração da postura correta para tocar violino,img/violino/postura.jpg,upload,,,,,iniciante,,[],0,3,true,2026-02-13 18:01:39.533249
d0abc055-1910-450a-9c4f-5a267d19e517,13912e91-7b48-4a8d-82b7-b59515c2a0d3,video,Primeiros Passos no Violino,Aula básica de como segurar o violino e o arco,https://youtube.com/watch?v=violin_basics,youtube,,,,tutorial,iniciante,,[],0,4,true,2026-02-13 18:01:39.533249
d0b079e1-a44f-40b8-bfee-a53b8fc7e70f,8fbba87d-39e1-4542-b8bb-7c815fdc2b9a,imagem,Violino Stradivarius (rep),Violino clássico de luthier famoso mostrando detalhes da madeira,img/violino/stradivarius.jpg,upload,,,,,iniciante,,[],0,1,true,2026-02-13 18:01:39.533249
d0d65628-4f9b-4033-9b5f-c5051f4b46a2,1f8c0a22-f3fc-4f51-8938-6e1cc6e24f85,video,Ave Maria - Schubert (rep),Performance clássica da famosa peça,https://youtube.com/watch?v=ave_maria_violin,youtube,,,,performance,intermediario,,[],0,6,true,2026-02-13 18:01:39.533249
d0e10941-da07-4fbf-838e-b9f57e27c918,64b94e98-6ad2-4e7f-9aa0-b57f6bb58df1,imagem,Anatomia do Violino (rep),Diagrama educativo das partes do violino,img/violino/anatomia.jpg,upload,,,,,iniciante,,[],0,2,true,2026-02-13 18:01:39.533249
d11e797b-3fcc-42d9-916c-73379c73dd08,e48ad87b-d237-45e4-a707-05374c4240fa,3d,Modelo 3D Violino,Modelo tridimensional interativo do violino,models/violino_3d.glb,upload,,,,,iniciante,,[],0,10,true,2026-02-13 17:57:36.711969
d12b2972-dc8d-47e9-aa30-d03ff83c589f,56e32061-7ed6-495d-9bc1-00cdb345b02e,imagem,Anatomia do Violino (rep),Diagrama educativo das partes do violino,img/violino/anatomia.jpg,upload,,,,,iniciante,,[],0,2,false,2026-02-13 18:01:39.533249
d14d632a-250e-4e6a-b646-d53301769c93,b73f1d80-3d73-487e-89b8-ab35274a8dd4,video,Walking bass,Linha de walking bass.,https://www.youtube.com/watch?v=contrabaixo4,youtube,,,,tecnica,intermediario,180,"[""walking"",""contrabaixo""]",0,0,true,2025-06-16 05:28:34.120792
d1569541-39b1-47fb-a3da-a49546ec3495,26cadf44-6d7b-4f9b-85d6-6b2c40715f45,imagem,Bocal,Detalhe do bocal.,/midias/saxofone/bocal.jpg,upload,,,,tecnica,iniciante,,"[""bocal"",""saxofone""]",0,0,false,2025-06-16 00:57:47.581967
d16056de-928f-4c4e-9a9b-e5832fe5a331,453ca164-6f0e-4554-b008-dd68bf4586c2,imagem,Postura do Violinista,Demonstração da postura correta para tocar violino,img/violino/postura.jpg,upload,,,,,iniciante,,[],0,3,true,2026-02-13 18:01:39.533249
d18e17f9-6441-44ef-afbf-53869b5d59e8,9b42a23b-ac7f-42e1-8a04-bde4c525fbde,imagem,Oboé e partitura,Oboé com partitura.,/midias/oboe/partitura.jpg,upload,,,,tecnica,iniciante,,"[""partitura"",""oboe""]",0,0,true,2025-06-20 05:15:55.927047
d19e4486-425c-4ac6-8e2e-d552ac076f78,35da6877-2528-4f37-9ab4-b44893ad1dbf,3d,Modelo 3D Violino,Modelo tridimensional interativo do violino,models/violino_3d.glb,upload,,,,,iniciante,,[],0,10,true,2026-02-13 17:57:36.711969
d1a0c8e4-0dca-47ef-8877-8422f389ec4e,92ecdeff-3480-4f27-85cd-86f12622cf9f,imagem,Violino Stradivarius,Violino clássico de luthier famoso mostrando detalhes da madeira,img/violino/stradivarius.jpg,upload,,,,,iniciante,,[],0,1,true,2026-02-13 18:01:39.533249
d1b5c107-195c-4b0a-964e-53218d663d56,4d78c5a4-04bf-452d-b326-83e7c72c10ef,audio,Capricho Paganini,Capricho nº 24 de Paganini,audio/violino/paganini_caprice.mp3,upload,,,,,avancado,,[],0,9,true,2026-02-13 18:01:39.533249
d1cb4d40-4061-47f9-8124-109ab1a021ae,750450cf-e14e-4f02-944e-b3c1bb0f87a4,video,Primeiros Passos no Violino,Aula básica de como segurar o violino e o arco,https://youtube.com/watch?v=violin_basics,youtube,,,,tutorial,iniciante,,[],0,4,true,2026-02-13 17:57:36.711969
d1d70b00-b298-400a-8649-1e0845f9c912,8ddb4eea-18b9-4b8f-bb85-16a1f5474f87,imagem,Postura do Violinista,Demonstração da postura correta para tocar violino,img/violino/postura.jpg,upload,,,,,iniciante,,[],0,3,true,2026-02-13 18:01:39.533249
d1f35926-e1d7-493f-a378-5fbe9026ae1f,0e52514e-58c3-463a-a6e4-f71a1439f9b7,video,Técnica de Vibrato,Demonstração da técnica de vibrato no violino,https://youtube.com/watch?v=violin_vibrato,youtube,,,,tutorial,avancado,,[],0,5,false,2026-02-13 18:01:39.533249
d2159f69-d9b0-47e6-ba37-a2e927d91a5c,32705505-7727-4d27-b7bd-b08e7c90c233,video,Violino no Jazz,Improvisação jazzística no violino,https://youtube.com/watch?v=jazz_violin,youtube,,,,performance,avancado,,[],0,7,true,2026-02-13 17:57:36.711969
d2680e62-e868-427b-9689-e162774b4caf,64b94e98-6ad2-4e7f-9aa0-b57f6bb58df1,audio,Capricho Paganini,Capricho nº 24 de Paganini,audio/violino/paganini_caprice.mp3,upload,,,,,avancado,,[],0,9,false,2026-02-13 18:01:39.533249
d26d5653-8f6a-4cee-a0cc-3599442c5709,57d10b2f-c49f-460d-8fab-3da3065c15c2,3d,Modelo 3D Violino,Modelo tridimensional interativo do violino,models/violino_3d.glb,upload,,,,,iniciante,,[],0,10,false,2026-02-13 18:01:39.533249
d28d628a-961d-43bb-b584-605136b8d99e,ee709f67-e4e4-4f9c-9001-7574e4d8dfa0,video,Técnica de Vibrato (rep),Demonstração da técnica de vibrato no violino,https://youtube.com/watch?v=violin_vibrato,youtube,,,,tutorial,avancado,,[],0,5,true,2026-02-13 18:01:39.533249
d2c6a5f5-8b94-4341-bc47-38e9d2b512f9,750450cf-e14e-4f02-944e-b3c1bb0f87a4,video,Ave Maria - Schubert (rep),Performance clássica da famosa peça,https://youtube.com/watch?v=ave_maria_violin,youtube,,,,performance,intermediario,,[],0,6,true,2026-02-13 18:01:39.533249
d2e3a740-f461-4843-9b5c-0cf346b9327d,b7425269-f2bb-454c-8c61-e3e9d028c9b4,video,Ave Maria - Schubert (rep),Performance clássica da famosa peça,https://youtube.com/watch?v=ave_maria_violin,youtube,,,,performance,intermediario,,[],0,6,true,2026-02-13 18:01:39.533249
d2f7b686-7ee4-4fcc-b6f6-70d19e6ae81d,794f42a6-619a-4ca3-8f1b-c3ac7a9e7a08,imagem,Flauta antiga,Imagem de flauta histórica.,/midias/flauta/antiga.jpg,upload,,,,historia,avancado,,"[""historia"",""flauta""]",0,0,true,2025-06-15 19:42:58.828009
d3386888-cdba-44c0-87ff-2ac78389243a,8fbba87d-39e1-4542-b8bb-7c815fdc2b9a,imagem,Violino Stradivarius,Violino clássico de luthier famoso mostrando detalhes da madeira,img/violino/stradivarius.jpg,upload,,,,,iniciante,,[],0,1,false,2026-02-13 18:01:39.533249
d3394725-fd52-4be0-9d42-191b0f6eb0ae,a0f53672-7d87-4ab4-a64f-b551fc1a380d,audio,Capricho Paganini,Capricho nº 24 de Paganini,audio/violino/paganini_caprice.mp3,upload,,,,,avancado,,[],0,9,true,2026-02-13 18:01:39.533249
d33e14ac-3f4f-415c-a9ab-513802242090,cca87ab1-8ad4-4876-a8d8-190f85927952,video,Ave Maria - Schubert,Performance clássica da famosa peça,https://youtube.com/watch?v=ave_maria_violin,youtube,,,,performance,intermediario,,[],0,6,true,2026-02-13 18:01:39.533249
d34436f5-ba2b-42b7-8393-ca24a920437b,35da6877-2528-4f37-9ab4-b44893ad1dbf,video,Violino no Jazz,Improvisação jazzística no violino,https://youtube.com/watch?v=jazz_violin,youtube,,,,performance,avancado,,[],0,7,false,2026-02-13 18:01:39.533249
d34e1298-6b01-4de8-b231-5160f624ddc9,36040329-1aa6-428a-ad39-cd85de03493e,imagem,Violino Stradivarius (rep),Violino clássico de luthier famoso mostrando detalhes da madeira,img/violino/stradivarius.jpg,upload,,,,,iniciante,,[],0,1,true,2026-02-13 18:01:39.533249
d3765054-9b55-47d2-878a-98ddaf748128,e54b748d-3b1b-48ba-b65e-ec1e476e94ad,imagem,Postura do Violinista,Demonstração da postura correta para tocar violino,img/violino/postura.jpg,upload,,,,,iniciante,,[],0,3,true,2026-02-13 17:57:36.711969
d3850e52-da7e-4355-9ef4-a9a37d0f3834,a0f53672-7d87-4ab4-a64f-b551fc1a380d,imagem,Postura do Violinista (rep),Demonstração da postura correta para tocar violino,img/violino/postura.jpg,upload,,,,,iniciante,,[],0,3,true,2026-02-13 18:01:39.533249
d3bb02d0-d5fd-4efe-9d2c-40faf78fdbcd,80436b4f-15c1-452f-9442-34e42b5117e4,video,Ave Maria - Schubert,Performance clássica da famosa peça,https://youtube.com/watch?v=ave_maria_violin,youtube,,,,performance,intermediario,,[],0,6,true,2025-06-09 03:41:34.794455
d3d23930-64b7-4a8a-be14-7c26896bd320,fb125188-c48e-4d89-a46e-11c3b600dabd,imagem,Postura do Violinista (rep),Demonstração da postura correta para tocar violino,img/violino/postura.jpg,upload,,,,,iniciante,,[],0,3,false,2026-02-13 18:01:39.533249
d3e1efca-b588-475d-b759-d3ca9f9fd1d9,3702e3f9-bc82-42b6-ae32-c770081b3ec2,audio,Capricho Paganini,Capricho nº 24 de Paganini,audio/violino/paganini_caprice.mp3,upload,,,,,avancado,,[],0,9,false,2026-02-13 18:01:39.533249
d3f81a99-0262-4d41-8873-9ac6ec094b5e,64b94e98-6ad2-4e7f-9aa0-b57f6bb58df1,video,Técnica de Vibrato,Demonstração da técnica de vibrato no violino,https://youtube.com/watch?v=violin_vibrato,youtube,,,,tutorial,avancado,,[],0,5,false,2026-02-13 18:01:39.533249
d3fda79c-c39e-4afd-bb59-5708c4940dcf,e54b748d-3b1b-48ba-b65e-ec1e476e94ad,video,Técnica de Vibrato,Demonstração da técnica de vibrato no violino,https://youtube.com/watch?v=violin_vibrato,youtube,,,,tutorial,avancado,,[],0,5,false,2026-02-13 18:01:39.533249
d4176f13-d383-4443-a832-d0bd0f5e1e2a,92ecdeff-3480-4f27-85cd-86f12622cf9f,video,Primeiros Passos no Violino,Aula básica de como segurar o violino e o arco,https://youtube.com/watch?v=violin_basics,youtube,,,,tutorial,iniciante,,[],0,4,true,2026-02-13 18:01:39.533249
d451ba29-2603-4ef0-98fe-3865cf41879a,d7c80fe1-ab43-4920-b2aa-d9b4f3ace166,audio,Glissando,Demonstração de glissando,/midias/clarinete/glissando.mp3,upload,,,,tecnica,intermediario,30,"[""glissando"",""clarinete""]",0,0,true,2025-06-15 19:19:49.258132
d4754c04-dab7-4b98-933e-359ac8fca2b0,64b94e98-6ad2-4e7f-9aa0-b57f6bb58df1,video,Primeiros Passos no Violino,Aula básica de como segurar o violino e o arco,https://youtube.com/watch?v=violin_basics,youtube,,,,tutorial,iniciante,,[],0,4,true,2026-02-13 17:57:36.711969
d4c975e5-73f0-4b49-add7-7de9159f9383,174f6ed4-3c21-444a-acfa-5149f53f2ca0,video,Ave Maria - Schubert,Performance clássica da famosa peça,https://youtube.com/watch?v=ave_maria_violin,youtube,,,,performance,intermediario,,[],0,6,true,2026-02-13 18:01:39.533249
d4ccb4dc-f57a-4df3-878e-a6d40edef68a,26cadf44-6d7b-4f9b-85d6-6b2c40715f45,video,Embocadura,Formação da embocadura.,https://www.youtube.com/watch?v=saxofone2,youtube,,,,tecnica,iniciante,240,"[""embocadura"",""saxofone""]",0,0,false,2025-06-16 00:57:47.581967
d4f4d310-57b8-4f5e-9690-b04a7d7a7b75,3702e3f9-bc82-42b6-ae32-c770081b3ec2,video,Ave Maria - Schubert,Performance clássica da famosa peça,https://youtube.com/watch?v=ave_maria_violin,youtube,,,,performance,intermediario,,[],0,6,true,2026-02-13 17:57:36.711969
d5096127-7332-4724-a938-8d2a005cf080,36040329-1aa6-428a-ad39-cd85de03493e,imagem,Violino Stradivarius,Violino clássico de luthier famoso mostrando detalhes da madeira,img/violino/stradivarius.jpg,upload,,,,,iniciante,,[],0,1,true,2026-02-13 18:01:39.533249
d52746bb-499f-4b8d-bf1a-0ef9ddfb2483,fb125188-c48e-4d89-a46e-11c3b600dabd,video,Técnica de Vibrato,Demonstração da técnica de vibrato no violino,https://youtube.com/watch?v=violin_vibrato,youtube,,,,tutorial,avancado,,[],0,5,true,2026-02-13 18:01:39.533249
d52ef5a4-e0a5-4e2a-be6a-c0eb7e9a8fd1,509d6a26-159a-4976-aa46-83f914f930aa,audio,Concerto Tchaikovsky,Primeiro movimento do famoso concerto,audio/violino/tchaikovsky_concerto.mp3,upload,,,,,avancado,,[],0,8,false,2026-02-13 18:01:39.533249
d534337d-5cb2-40ab-8fed-1afbcb490e9a,26cadf44-6d7b-4f9b-85d6-6b2c40715f45,audio,Harmônico,Exemplo de harmônico.,/midias/saxofone/harmonico.mp3,upload,,,,tecnica,intermediario,60,"[""harmonico"",""saxofone""]",0,0,true,2025-06-16 00:56:26.375072
d534bdc5-778f-4ab6-afee-c32cec173f8d,3e02292d-bd2f-46ed-9b9e-a0c8b0acd996,video,Violino no Jazz,Improvisação jazzística no violino,https://youtube.com/watch?v=jazz_violin,youtube,,,,performance,avancado,,[],0,7,false,2026-02-13 18:01:39.533249
d55912bf-2879-47bb-beb0-a6cbeb5dc9ff,57d10b2f-c49f-460d-8fab-3da3065c15c2,video,Primeiros Passos no Violino,Aula básica de como segurar o violino e o arco,https://youtube.com/watch?v=violin_basics,youtube,,,,tutorial,iniciante,,[],0,4,false,2026-02-13 18:01:39.533249
d56f3816-ca66-49ce-b6dd-32433c88202b,35da6877-2528-4f37-9ab4-b44893ad1dbf,3d,Modelo 3D Violino (rep),Modelo tridimensional interativo do violino,models/violino_3d.glb,upload,,,,,iniciante,,[],0,10,true,2026-02-13 18:01:39.533249
d57729c1-e78b-40df-bfbe-1b1851285e17,bc665a4e-e301-44d3-b8bf-decb09422d71,audio,Concerto Tchaikovsky (rep),Primeiro movimento do famoso concerto,audio/violino/tchaikovsky_concerto.mp3,upload,,,,,avancado,,[],0,8,true,2026-02-13 18:01:39.533249
d57daf12-62c0-40d7-9142-71d4c08939b0,9edff4db-9ef5-43fc-970a-7d2086de223b,3d,Modelo 3D Violino,Modelo tridimensional interativo do violino,models/violino_3d.glb,upload,,,,,iniciante,,[],0,10,true,2026-02-13 18:01:39.533249
d5c42abf-6455-4b63-bfca-410e2005b9ef,4c61dc18-2b1e-48c8-8a2e-2c730679d4a5,imagem,Violino Stradivarius,Violino clássico de luthier famoso mostrando detalhes da madeira,img/violino/stradivarius.jpg,upload,,,,,iniciante,,[],0,1,true,2026-02-13 17:57:36.711969
d5e0f78a-71b2-49e4-83e6-8e3bfe6571f3,3702e3f9-bc82-42b6-ae32-c770081b3ec2,video,Técnica de Vibrato (rep),Demonstração da técnica de vibrato no violino,https://youtube.com/watch?v=violin_vibrato,youtube,,,,tutorial,avancado,,[],0,5,true,2026-02-13 18:01:39.533249
d5e82249-7879-407b-b72e-57cdd71b9a4e,4445b5c9-dcdf-4dd3-8ce6-bb04a22127ce,imagem,Violino Stradivarius (rep),Violino clássico de luthier famoso mostrando detalhes da madeira,img/violino/stradivarius.jpg,upload,,,,,iniciante,,[],0,1,true,2026-02-13 18:01:39.533249
d5fd99e1-b735-4a3e-a089-93af6f4e5dec,a0f53672-7d87-4ab4-a64f-b551fc1a380d,audio,Concerto Tchaikovsky,Primeiro movimento do famoso concerto,audio/violino/tchaikovsky_concerto.mp3,upload,,,,,avancado,,[],0,8,true,2026-02-13 17:57:36.711969
d5ff05fb-5e0b-4b26-8cfe-59b03f436c36,32705505-7727-4d27-b7bd-b08e7c90c233,imagem,Postura do Violinista,Demonstração da postura correta para tocar violino,img/violino/postura.jpg,upload,,,,,iniciante,,[],0,3,true,2026-02-13 18:01:39.533249
d638e0a3-62b7-4d62-86df-e551c02e81ec,1f8c0a22-f3fc-4f51-8938-6e1cc6e24f85,video,Primeiros Passos no Violino,Aula básica de como segurar o violino e o arco,https://youtube.com/watch?v=violin_basics,youtube,,,,tutorial,iniciante,,[],0,4,true,2026-02-13 17:57:36.711969
d64d21bd-a429-4739-b12c-c70a998fca16,453ca164-6f0e-4554-b008-dd68bf4586c2,audio,Concerto Tchaikovsky,Primeiro movimento do famoso concerto,audio/violino/tchaikovsky_concerto.mp3,upload,,,,,avancado,,[],0,8,false,2026-02-13 18:01:39.533249
d64d9519-baa8-4d9c-9826-616fd6d8f48b,d7c80fe1-ab43-4920-b2aa-d9b4f3ace166,imagem,Clarinete frontal,Foto frontal de um clarinete profissional,/midias/clarinete/frontal.jpg,upload,,,,tecnica,iniciante,,"[""clarinete"",""estrutura""]",0,0,true,2025-06-15 19:10:08.503614
d668be3e-c6cb-40d6-9f8e-d3bbe7d585b5,4445b5c9-dcdf-4dd3-8ce6-bb04a22127ce,audio,Capricho Paganini (rep),Capricho nº 24 de Paganini,audio/violino/paganini_caprice.mp3,upload,,,,,avancado,,[],0,9,false,2026-02-13 18:01:39.533249
d66a48e6-a5c2-4f76-9f50-bed8c7d9fbd1,df168c2e-275a-44ed-9ee7-af356bf724e5,video,Ave Maria - Schubert (rep),Performance clássica da famosa peça,https://youtube.com/watch?v=ave_maria_violin,youtube,,,,performance,intermediario,,[],0,6,false,2026-02-13 18:01:39.533249
d6aae386-1dce-4e2d-a4c5-2d55319a1b04,4d78c5a4-04bf-452d-b326-83e7c72c10ef,imagem,Violino Stradivarius,Violino clássico de luthier famoso mostrando detalhes da madeira,img/violino/stradivarius.jpg,upload,,,,,iniciante,,[],0,1,true,2026-02-13 18:01:39.533249
d6ab60bb-5646-4fb5-9751-0333801cc3a9,bc665a4e-e301-44d3-b8bf-decb09422d71,audio,Capricho Paganini,Capricho nº 24 de Paganini,audio/violino/paganini_caprice.mp3,upload,,,,,avancado,,[],0,9,false,2026-02-13 18:01:39.533249
d6b2ab3a-f265-494b-947a-43dd498450bf,26cadf44-6d7b-4f9b-85d6-6b2c40715f45,audio,Solo,Trecho solo.,/midias/saxofone/solo.mp3,upload,,,,performance,avancado,180,"[""solo"",""saxofone""]",0,0,true,2025-06-16 00:56:26.375072
d6b718ba-3e0f-429a-b10b-ad375c0633a2,c75fe646-ff86-4420-98f0-a0f25d39de45,audio,Capricho Paganini,Capricho nº 24 de Paganini,audio/violino/paganini_caprice.mp3,upload,,,,,avancado,,[],0,9,true,2026-02-13 17:57:36.711969
d6c7fe0b-ebce-4acc-a1d4-e7be1eb64082,fb125188-c48e-4d89-a46e-11c3b600dabd,audio,Concerto Tchaikovsky,Primeiro movimento do famoso concerto,audio/violino/tchaikovsky_concerto.mp3,upload,,,,,avancado,,[],0,8,true,2026-02-13 17:57:36.711969
d6d21e47-4f8d-4a7f-8d55-3c0d6e9860b9,36b9d36d-f65b-4ba1-89be-4ab3707e874c,imagem,Palheta e tudel,Detalhe da palheta dupla e tudel.,/midias/fagote/palheta_tudel.jpg,upload,,,,tecnica,iniciante,,"[""palheta"",""fagote""]",0,0,true,2025-06-20 02:48:24.932103
d6ec788a-48b0-4437-aa4d-d2d5d42d674c,d7c80fe1-ab43-4920-b2aa-d9b4f3ace166,imagem,Clarinete desmontado,Todas as partes separadas,/midias/clarinete/desmontado.jpg,upload,,,,tecnica,iniciante,,"[""clarinete"",""desmontado""]",0,0,true,2025-06-15 19:19:49.258132
d6f854a5-82fe-4561-bd93-9faee3031924,ee709f67-e4e4-4f9c-9001-7574e4d8dfa0,3d,Modelo 3D Violino,Modelo tridimensional interativo do violino,models/violino_3d.glb,upload,,,,,iniciante,,[],0,10,true,2026-02-13 18:01:39.533249
d7006444-547e-4079-b202-75ee4e316e49,ab9720a5-1973-484e-9a44-d4aa62594336,video,Como Usar os Pedais do Piano,Técnica de pedalização para sustain e una corda,https://youtube.com/watch?v=pedais_piano,youtube,,,,tecnica,intermediario,480,"[""pedais"",""sustain"",""tecnica""]",0,0,true,2025-06-08 15:18:29.330868
d70aceec-0179-47e1-9198-ff4361b76a68,9c3a903d-8750-4ded-9341-c876a6d6de93,audio,Capricho Paganini,Capricho nº 24 de Paganini,audio/violino/paganini_caprice.mp3,upload,,,,,avancado,,[],0,9,true,2026-02-13 18:01:39.533249
d73c3691-921a-4b88-b63f-7011cb87b0d3,0b9c8c6b-0e47-471c-b83b-01c931410692,imagem,Postura do Violinista (rep),Demonstração da postura correta para tocar violino,img/violino/postura.jpg,upload,,,,,iniciante,,[],0,3,true,2026-02-13 18:01:39.533249
d751e6fd-326e-464f-9840-f5a6eabebf18,9b42a23b-ac7f-42e1-8a04-bde4c525fbde,imagem,Partes do oboé,Imagem com partes anotadas.,/midias/oboe/partes.jpg,upload,,,,tecnica,iniciante,,"[""anatomia"",""oboe""]",0,0,true,2025-06-20 05:15:55.927047
d753713d-8d0e-4094-927b-167de41f7a0e,9a5e0eac-114e-4173-90af-32b55c870675,imagem,Postura do Violinista (rep),Demonstração da postura correta para tocar violino,img/violino/postura.jpg,upload,,,,,iniciante,,[],0,3,true,2026-02-13 18:01:39.533249
d782f582-9dc3-476e-bf40-c540ea0f806f,ac116dcb-4fd4-4ef6-b6fb-f4ff1287bf68,imagem,Anatomia do Violino,Diagrama educativo das partes do violino,img/violino/anatomia.jpg,upload,,,,,iniciante,,[],0,2,true,2026-02-13 17:57:36.711969
d784777f-5d2e-4a3d-bdfe-5abed3320c60,174f6ed4-3c21-444a-acfa-5149f53f2ca0,3d,Modelo 3D Violino (rep),Modelo tridimensional interativo do violino,models/violino_3d.glb,upload,,,,,iniciante,,[],0,10,false,2026-02-13 18:01:39.533249
d7b4f531-0ce1-47bc-ab27-c44517a3bd50,3957c464-86dc-4aa2-9f09-57b5eb2a6c6a,imagem,Postura do Violinista,Demonstração da postura correta para tocar violino,img/violino/postura.jpg,upload,,,,,iniciante,,[],0,3,true,2026-02-13 17:57:36.711969
d7bdd7d9-0f60-4cbb-b383-fca626e9ce2b,11a7bc0c-232f-40dc-92ac-4d15aebd2d52,video,Técnica de Vibrato,Demonstração da técnica de vibrato no violino,https://youtube.com/watch?v=violin_vibrato,youtube,,,,tutorial,avancado,,[],0,5,true,2026-02-13 18:01:39.533249
d7d741ca-a62a-4155-8d28-2b8b8cbff464,9a5e0eac-114e-4173-90af-32b55c870675,imagem,Anatomia do Violino,Diagrama educativo das partes do violino,img/violino/anatomia.jpg,upload,,,,,iniciante,,[],0,2,true,2026-02-13 18:01:39.533249
d7d8ea1b-e036-49fc-9013-67173051cd2d,9a5e0eac-114e-4173-90af-32b55c870675,imagem,Violino Stradivarius (rep),Violino clássico de luthier famoso mostrando detalhes da madeira,img/violino/stradivarius.jpg,upload,,,,,iniciante,,[],0,1,true,2026-02-13 18:01:39.533249
d807d78d-d3e2-4bae-b733-81fc67f98cb0,13912e91-7b48-4a8d-82b7-b59515c2a0d3,video,Técnica de Vibrato,Demonstração da técnica de vibrato no violino,https://youtube.com/watch?v=violin_vibrato,youtube,,,,tutorial,avancado,,[],0,5,true,2026-02-13 18:01:39.533249
d80f9836-d899-4630-9d85-1f59fcd0159c,9a5e0eac-114e-4173-90af-32b55c870675,imagem,Anatomia do Violino (rep),Diagrama educativo das partes do violino,img/violino/anatomia.jpg,upload,,,,,iniciante,,[],0,2,true,2026-02-13 18:01:39.533249
d85a45ea-e76f-44c3-bcc4-6c8595b07b36,11a7bc0c-232f-40dc-92ac-4d15aebd2d52,imagem,Anatomia do Violino,Diagrama educativo das partes do violino,img/violino/anatomia.jpg,upload,,,,,iniciante,,[],0,2,true,2026-02-13 18:01:39.533249
d87c0811-308a-4caa-be0d-30d43988ef2f,df49fd27-9bcd-4462-a0f8-b36f0ff9f97f,audio,Eruption - Van Halen,Solo revolucionário que introduziu o tapping,audio/guitarra/eruption_vanhalen.mp3,upload,,,,,avancado,,[],0,8,true,2025-06-09 04:27:22.284765
d87ceffc-1484-4605-893e-1234ce808414,7b6ae164-dfdf-452d-a5c3-d01554861444,video,Violino no Jazz,Improvisação jazzística no violino,https://youtube.com/watch?v=jazz_violin,youtube,,,,performance,avancado,,[],0,7,true,2026-02-13 17:57:36.711969
d87ede83-d9f7-4df9-903a-e1fe0a153a01,87ee66bf-bb70-4e70-9aa3-4bff514ced4e,imagem,Anatomia do Violino,Diagrama educativo das partes do violino,img/violino/anatomia.jpg,upload,,,,,iniciante,,[],0,2,true,2026-02-13 17:57:36.711969
d8b40f7f-8098-4b87-84d7-9ab680968b47,ab9720a5-1973-484e-9a44-d4aa62594336,imagem,Piano de Cauda Steinway,Piano de concerto Steinway & Sons modelo D,/images/piano/steinway_cauda.jpg,upload,,,,demonstracao,iniciante,,"[""steinway"",""cauda"",""concerto""]",0,0,true,2025-06-08 15:24:29.575428
d8cfbcd0-9dcb-47e9-b4a7-0debbe5dfff5,6925f61b-ba48-473a-b69a-e3548036c1df,imagem,Postura do Violinista (rep),Demonstração da postura correta para tocar violino,img/violino/postura.jpg,upload,,,,,iniciante,,[],0,3,true,2026-02-13 18:01:39.533249
d94f2ca2-901e-42c3-92f0-3cbac2efe85c,e54b748d-3b1b-48ba-b65e-ec1e476e94ad,audio,Concerto Tchaikovsky (rep),Primeiro movimento do famoso concerto,audio/violino/tchaikovsky_concerto.mp3,upload,,,,,avancado,,[],0,8,true,2026-02-13 18:01:39.533249
d96a4137-6c30-4301-b2e7-4222be860d58,453ca164-6f0e-4554-b008-dd68bf4586c2,video,Técnica de Vibrato,Demonstração da técnica de vibrato no violino,https://youtube.com/watch?v=violin_vibrato,youtube,,,,tutorial,avancado,,[],0,5,true,2026-02-13 18:01:39.533249
d9889313-9a2a-4512-8beb-06b97c105200,df168c2e-275a-44ed-9ee7-af356bf724e5,3d,Modelo 3D Violino (rep),Modelo tridimensional interativo do violino,models/violino_3d.glb,upload,,,,,iniciante,,[],0,10,true,2026-02-13 18:01:39.533249
d98e5ffc-ab88-4530-92c2-178fb1123cff,ab9720a5-1973-484e-9a44-d4aa62594336,audio,Exercícios de Hanon,Exercícios técnicos para desenvolvimento digital,/audio/piano/hanon_exercicios.mp3,upload,,,,tecnica,intermediario,180,"[""hanon"",""tecnica"",""exercicios""]",0,0,true,2025-06-08 15:18:29.330868
d993ea46-3b1d-4c8f-a9f4-3f5c75f458c5,11a7bc0c-232f-40dc-92ac-4d15aebd2d52,audio,Concerto Tchaikovsky,Primeiro movimento do famoso concerto,audio/violino/tchaikovsky_concerto.mp3,upload,,,,,avancado,,[],0,8,true,2026-02-13 18:01:39.533249
d9b0aa8b-2fef-4053-a47c-64a616f9816e,96b547b5-e685-40f8-952c-9dfce2ad4dc6,video,Violino no Jazz,Improvisação jazzística no violino,https://youtube.com/watch?v=jazz_violin,youtube,,,,performance,avancado,,[],0,7,true,2026-02-13 17:57:36.711969
d9c4c6bd-a10d-4138-8153-ba9f0e0f168b,34f9e29b-3d22-464a-b31c-c3f4fbb73328,imagem,Postura do Violinista (rep),Demonstração da postura correta para tocar violino,img/violino/postura.jpg,upload,,,,,iniciante,,[],0,3,false,2026-02-13 18:01:39.533249
d9dc942f-f927-494f-8d17-92cc6983d17c,4bc1c064-fa97-43f5-b6d7-d466ca66635d,video,Primeiros Passos no Violino (rep),Aula básica de como segurar o violino e o arco,https://youtube.com/watch?v=violin_basics,youtube,,,,tutorial,iniciante,,[],0,4,true,2026-02-13 18:01:39.533249
d9efeff2-063a-4639-9ad8-2b5e5f80a7af,36b9d36d-f65b-4ba1-89be-4ab3707e874c,imagem,Fagote desmontado,Partes separadas do fagote.,/midias/fagote/desmontado.jpg,upload,,,,tecnica,iniciante,,"[""desmontado"",""fagote""]",0,0,true,2025-06-20 02:48:24.932103
d9fe30f7-b8f1-4187-bd33-ed27e554e6b4,96b547b5-e685-40f8-952c-9dfce2ad4dc6,imagem,Anatomia do Violino,Diagrama educativo das partes do violino,img/violino/anatomia.jpg,upload,,,,,iniciante,,[],0,2,true,2026-02-13 17:57:36.711969
d9fef591-72f3-4145-a9a5-595cf2a06b3b,3702e3f9-bc82-42b6-ae32-c770081b3ec2,imagem,Postura do Violinista,Demonstração da postura correta para tocar violino,img/violino/postura.jpg,upload,,,,,iniciante,,[],0,3,false,2026-02-13 18:01:39.533249
da14016b-9e6f-47d7-8ae1-a8735d254756,3e02292d-bd2f-46ed-9b9e-a0c8b0acd996,video,Primeiros Passos no Violino,Aula básica de como segurar o violino e o arco,https://youtube.com/watch?v=violin_basics,youtube,,,,tutorial,iniciante,,[],0,4,true,2026-02-13 18:01:39.533249
da1c7aee-026f-4a1c-bca7-b0ab70a7224d,35aff373-706c-47d8-8004-d8edcddb1e0c,imagem,Partes do baixo,Imagem com partes anotadas.,/midias/baixo/partes.jpg,upload,,,,tecnica,iniciante,,"[""anatomia"",""baixo""]",0,0,true,2025-06-16 04:38:10.049188
da258bbc-998a-4edc-9cf6-559cab5ab680,35aff373-706c-47d8-8004-d8edcddb1e0c,imagem,Baixo lateral,Vista lateral.,/midias/baixo/lateral.jpg,upload,,,,tecnica,iniciante,,"[""estrutura"",""baixo""]",0,0,true,2025-06-16 04:38:10.049188
da40ad28-4edb-4404-bd8d-cc9bf9ee012a,4445b5c9-dcdf-4dd3-8ce6-bb04a22127ce,video,Técnica de Vibrato,Demonstração da técnica de vibrato no violino,https://youtube.com/watch?v=violin_vibrato,youtube,,,,tutorial,avancado,,[],0,5,true,2026-02-13 17:57:36.711969
da4167fd-16be-4b96-b862-197ada919f70,4d78c5a4-04bf-452d-b326-83e7c72c10ef,audio,Concerto Tchaikovsky,Primeiro movimento do famoso concerto,audio/violino/tchaikovsky_concerto.mp3,upload,,,,,avancado,,[],0,8,true,2026-02-13 17:57:36.711969
da4e1442-83cf-4436-b6e0-4076d2cdd8b9,3702e3f9-bc82-42b6-ae32-c770081b3ec2,video,Técnica de Vibrato,Demonstração da técnica de vibrato no violino,https://youtube.com/watch?v=violin_vibrato,youtube,,,,tutorial,avancado,,[],0,5,false,2026-02-13 18:01:39.533249
da694d09-2406-41a2-8b14-2ec038bc8a9e,57d10b2f-c49f-460d-8fab-3da3065c15c2,video,Técnica de Vibrato (rep),Demonstração da técnica de vibrato no violino,https://youtube.com/watch?v=violin_vibrato,youtube,,,,tutorial,avancado,,[],0,5,true,2026-02-13 18:01:39.533249
daae4e60-d76d-4c14-bc0e-568da4687c5f,df168c2e-275a-44ed-9ee7-af356bf724e5,video,Violino no Jazz,Improvisação jazzística no violino,https://youtube.com/watch?v=jazz_violin,youtube,,,,performance,avancado,,[],0,7,true,2026-02-13 18:01:39.533249
dab9a775-f7b7-4ddf-bd60-101760e7668f,750450cf-e14e-4f02-944e-b3c1bb0f87a4,imagem,Anatomia do Violino,Diagrama educativo das partes do violino,img/violino/anatomia.jpg,upload,,,,,iniciante,,[],0,2,false,2026-02-13 18:01:39.533249
dabdd051-6f54-475b-b8db-cb7208677923,a0f53672-7d87-4ab4-a64f-b551fc1a380d,video,Violino no Jazz,Improvisação jazzística no violino,https://youtube.com/watch?v=jazz_violin,youtube,,,,performance,avancado,,[],0,7,true,2026-02-13 18:01:39.533249
dac9d063-3662-4358-ab64-2c5a0e296fb7,761a3318-9a5e-46f3-88f2-62159b96100c,video,Violino no Jazz,Improvisação jazzística no violino,https://youtube.com/watch?v=jazz_violin,youtube,,,,performance,avancado,,[],0,7,true,2026-02-13 18:01:39.533249
dadda2e4-1302-425d-ab09-6d97ea5c1109,453ca164-6f0e-4554-b008-dd68bf4586c2,video,Ave Maria - Schubert,Performance clássica da famosa peça,https://youtube.com/watch?v=ave_maria_violin,youtube,,,,performance,intermediario,,[],0,6,true,2026-02-13 18:01:39.533249
db01252b-f6f2-4725-8c13-fb6b94fad5e1,e54b748d-3b1b-48ba-b65e-ec1e476e94ad,video,Primeiros Passos no Violino,Aula básica de como segurar o violino e o arco,https://youtube.com/watch?v=violin_basics,youtube,,,,tutorial,iniciante,,[],0,4,true,2026-02-13 17:57:36.711969
db0786b9-72a7-494f-b75d-bb02c407efaf,cca87ab1-8ad4-4876-a8d8-190f85927952,video,Primeiros Passos no Violino,Aula básica de como segurar o violino e o arco,https://youtube.com/watch?v=violin_basics,youtube,,,,tutorial,iniciante,,[],0,4,true,2026-02-13 18:01:39.533249
db0b9011-0cbe-476b-8033-14c724aea26b,c75fe646-ff86-4420-98f0-a0f25d39de45,imagem,Anatomia do Violino,Diagrama educativo das partes do violino,img/violino/anatomia.jpg,upload,,,,,iniciante,,[],0,2,true,2026-02-13 17:57:36.711969
db5754f2-c05b-49a9-aac0-7c37988eb5dd,bee0f63a-e248-4f2c-9325-0a23cb3c5a8e,imagem,Violino Stradivarius,Violino clássico de luthier famoso mostrando detalhes da madeira,img/violino/stradivarius.jpg,upload,,,,,iniciante,,[],0,1,false,2026-02-13 18:01:39.533249
db5e66a5-1ef1-4bbc-9700-d7f902b65153,850c53c4-2ed6-4a12-a4ff-3fbaecd6bf73,audio,Orquestra,Execução em orquestra.,/midias/trombone/orquestra.mp3,upload,,,,performance,avancado,300,"[""orquestra"",""trombone""]",0,0,true,2025-06-20 13:43:29.669569
db664037-9499-44ea-890f-881c3f188e7c,df42056c-8a3e-454c-aeca-73b4d608b85c,audio,Capricho Paganini,Capricho nº 24 de Paganini,audio/violino/paganini_caprice.mp3,upload,,,,,avancado,,[],0,9,true,2026-02-13 18:01:39.533249
db7edce8-5e06-4229-a17d-5d23ed797d9d,509d6a26-159a-4976-aa46-83f914f930aa,audio,Concerto Tchaikovsky (rep),Primeiro movimento do famoso concerto,audio/violino/tchaikovsky_concerto.mp3,upload,,,,,avancado,,[],0,8,true,2026-02-13 18:01:39.533249
db92676c-17ca-49e9-bcdb-74dc779e6a99,ab9720a5-1973-484e-9a44-d4aa62594336,video,Como Usar os Pedais do Piano,Técnica de pedalização para sustain e una corda,https://youtube.com/watch?v=pedais_piano,youtube,,,,tecnica,intermediario,480,"[""pedais"",""sustain"",""tecnica""]",0,0,true,2025-06-08 18:57:54.942465
db94d395-a4b5-4091-bba6-5d89e9a1f974,3957c464-86dc-4aa2-9f09-57b5eb2a6c6a,imagem,Anatomia do Violino,Diagrama educativo das partes do violino,img/violino/anatomia.jpg,upload,,,,,iniciante,,[],0,2,true,2026-02-13 18:01:39.533249
db972205-5c80-4ebd-a0d8-040d5649c59d,b7425269-f2bb-454c-8c61-e3e9d028c9b4,imagem,Postura do Violinista,Demonstração da postura correta para tocar violino,img/violino/postura.jpg,upload,,,,,iniciante,,[],0,3,false,2026-02-13 18:01:39.533249
dbb1f69c-9bc7-4dd3-b315-aa67ff98bf76,4c61dc18-2b1e-48c8-8a2e-2c730679d4a5,video,Violino no Jazz,Improvisação jazzística no violino,https://youtube.com/watch?v=jazz_violin,youtube,,,,performance,avancado,,[],0,7,true,2026-02-13 18:01:39.533249
dbd54015-ea82-46cd-8501-f1e885a7fef0,92ecdeff-3480-4f27-85cd-86f12622cf9f,imagem,Violino Stradivarius,Violino clássico de luthier famoso mostrando detalhes da madeira,img/violino/stradivarius.jpg,upload,,,,,iniciante,,[],0,1,true,2026-02-13 18:01:39.533249
dbe9b990-fdd7-46e2-ac5a-87d598c93c24,82052c70-0a9d-4d94-873e-3b402e032f55,imagem,Violino Stradivarius (rep),Violino clássico de luthier famoso mostrando detalhes da madeira,img/violino/stradivarius.jpg,upload,,,,,iniciante,,[],0,1,true,2026-02-13 18:01:39.533249
dc1b4e6f-8219-4464-8c1c-97a09e75816b,e48ad87b-d237-45e4-a707-05374c4240fa,audio,Concerto Tchaikovsky,Primeiro movimento do famoso concerto,audio/violino/tchaikovsky_concerto.mp3,upload,,,,,avancado,,[],0,8,true,2026-02-13 17:57:36.711969
dc2bd8e5-40aa-4fa8-a1ea-f78748fcb291,9c3a903d-8750-4ded-9341-c876a6d6de93,audio,Concerto Tchaikovsky,Primeiro movimento do famoso concerto,audio/violino/tchaikovsky_concerto.mp3,upload,,,,,avancado,,[],0,8,true,2026-02-13 17:57:36.711969
dc39321e-ca5b-416d-aef2-8ca19423b71e,32705505-7727-4d27-b7bd-b08e7c90c233,imagem,Violino Stradivarius,Violino clássico de luthier famoso mostrando detalhes da madeira,img/violino/stradivarius.jpg,upload,,,,,iniciante,,[],0,1,true,2026-02-13 17:57:36.711969
dc8a2aaf-a5d6-421c-a1ac-d5040be9bfa6,174f6ed4-3c21-444a-acfa-5149f53f2ca0,audio,Capricho Paganini,Capricho nº 24 de Paganini,audio/violino/paganini_caprice.mp3,upload,,,,,avancado,,[],0,9,true,2026-02-13 17:57:36.711969
dca2636f-0e62-4814-82e0-99e47051743c,56e32061-7ed6-495d-9bc1-00cdb345b02e,audio,Concerto Tchaikovsky (rep),Primeiro movimento do famoso concerto,audio/violino/tchaikovsky_concerto.mp3,upload,,,,,avancado,,[],0,8,false,2026-02-13 18:01:39.533249
dca51a86-da13-4bea-ab1c-ae6dfa48208f,fb125188-c48e-4d89-a46e-11c3b600dabd,video,Ave Maria - Schubert (rep),Performance clássica da famosa peça,https://youtube.com/watch?v=ave_maria_violin,youtube,,,,performance,intermediario,,[],0,6,false,2026-02-13 18:01:39.533249
dcb6f0ac-c4ca-45b3-867e-ebac20b7ce31,bc665a4e-e301-44d3-b8bf-decb09422d71,video,Técnica de Vibrato (rep),Demonstração da técnica de vibrato no violino,https://youtube.com/watch?v=violin_vibrato,youtube,,,,tutorial,avancado,,[],0,5,true,2026-02-13 18:01:39.533249
dcb9897f-6985-460e-88e0-fc8560ed9b8d,1f8c0a22-f3fc-4f51-8938-6e1cc6e24f85,video,Primeiros Passos no Violino,Aula básica de como segurar o violino e o arco,https://youtube.com/watch?v=violin_basics,youtube,,,,tutorial,iniciante,,[],0,4,false,2026-02-13 18:01:39.533249
dcc56882-8d5f-497e-a8ea-cd5a8f59c315,7b6ae164-dfdf-452d-a5c3-d01554861444,audio,Capricho Paganini,Capricho nº 24 de Paganini,audio/violino/paganini_caprice.mp3,upload,,,,,avancado,,[],0,9,true,2026-02-13 17:57:36.711969
dce397bb-ae6b-42ba-b7b6-f17c51f2606b,9edff4db-9ef5-43fc-970a-7d2086de223b,imagem,Espelho — close,Escala e pestana,media/viola/imagens/viola-espelho-01.jpg,local,,,,educativo,iniciante,,,0,5,true,2025-09-22 11:48:23.651843
dce9acf8-3624-4ab0-ba01-3982b347e6f0,9c3a903d-8750-4ded-9341-c876a6d6de93,video,Violino no Jazz,Improvisação jazzística no violino,https://youtube.com/watch?v=jazz_violin,youtube,,,,performance,avancado,,[],0,7,true,2026-02-13 17:57:36.711969
dcea4acb-34d2-4d4c-a27e-7b84a4b119f8,4bc1c064-fa97-43f5-b6d7-d466ca66635d,video,Primeiros Passos no Violino,Aula básica de como segurar o violino e o arco,https://youtube.com/watch?v=violin_basics,youtube,,,,tutorial,iniciante,,[],0,4,false,2026-02-13 18:01:39.533249
dcf29fef-e316-439d-b188-852f9294597a,6b11dc1a-295f-4458-9c08-2bcec09ff3ec,audio,Concerto Tchaikovsky,Primeiro movimento do famoso concerto,audio/violino/tchaikovsky_concerto.mp3,upload,,,,,avancado,,[],0,8,true,2026-02-13 18:01:39.533249
dd00cbf0-09c0-4b34-9e4e-6519c636c1c3,96b547b5-e685-40f8-952c-9dfce2ad4dc6,imagem,Violino Stradivarius (rep),Violino clássico de luthier famoso mostrando detalhes da madeira,img/violino/stradivarius.jpg,upload,,,,,iniciante,,[],0,1,true,2026-02-13 18:01:39.533249
dd33dec2-a9bb-46e2-9eb2-458fc349a53c,850c53c4-2ed6-4a12-a4ff-3fbaecd6bf73,imagem,Trombone e partitura,Trombone com partitura.,/midias/trombone/partitura.jpg,upload,,,,tecnica,iniciante,,"[""partitura"",""trombone""]",0,0,true,2025-06-20 13:43:29.669569
dd68551c-a9df-4f41-9d40-ac7052b5c583,df168c2e-275a-44ed-9ee7-af356bf724e5,imagem,Violino Stradivarius (rep),Violino clássico de luthier famoso mostrando detalhes da madeira,img/violino/stradivarius.jpg,upload,,,,,iniciante,,[],0,1,false,2026-02-13 18:01:39.533249
dd7243b4-f019-4ef2-a729-fa84fb6a2693,c75fe646-ff86-4420-98f0-a0f25d39de45,video,Violino no Jazz,Improvisação jazzística no violino,https://youtube.com/watch?v=jazz_violin,youtube,,,,performance,avancado,,[],0,7,true,2026-02-13 17:57:36.711969
dd9e20a7-9b8c-4efe-8cdc-399f594101cb,bc665a4e-e301-44d3-b8bf-decb09422d71,video,Técnica de Vibrato,Demonstração da técnica de vibrato no violino,https://youtube.com/watch?v=violin_vibrato,youtube,,,,tutorial,avancado,,[],0,5,true,2026-02-13 18:01:39.533249
ddb5bf75-94e4-4790-bef4-0ccf2657b408,34f9e29b-3d22-464a-b31c-c3f4fbb73328,imagem,Anatomia do Violino,Diagrama educativo das partes do violino,img/violino/anatomia.jpg,upload,,,,,iniciante,,[],0,2,true,2026-02-13 18:01:39.533249
ddc00537-e1cd-4a4a-b899-6c248328881c,64b94e98-6ad2-4e7f-9aa0-b57f6bb58df1,imagem,Anatomia do Violino,Diagrama educativo das partes do violino,img/violino/anatomia.jpg,upload,,,,,iniciante,,[],0,2,true,2026-02-13 17:57:36.711969
ddc9d1c2-574e-4e60-b2cc-814db9fed90e,4bc1c064-fa97-43f5-b6d7-d466ca66635d,video,Ave Maria - Schubert,Performance clássica da famosa peça,https://youtube.com/watch?v=ave_maria_violin,youtube,,,,performance,intermediario,,[],0,6,true,2026-02-13 18:01:39.533249
ddd7d57c-dd21-4ad0-a62f-bb336d327a76,34f9e29b-3d22-464a-b31c-c3f4fbb73328,imagem,Violino Stradivarius,Violino clássico de luthier famoso mostrando detalhes da madeira,img/violino/stradivarius.jpg,upload,,,,,iniciante,,[],0,1,true,2026-02-13 17:57:36.711969
dde25fe9-d5c1-47e8-a32b-0f542b00a7fd,794f42a6-619a-4ca3-8f1b-c3ac7a9e7a08,imagem,Chaves da flauta,Detalhe das chaves.,/midias/flauta/chaves.jpg,upload,,,,tecnica,iniciante,,"[""chaves"",""flauta""]",0,0,true,2025-06-15 19:42:58.828009
ddec0351-f291-42b0-9e97-c862f828294f,1f8c0a22-f3fc-4f51-8938-6e1cc6e24f85,video,Primeiros Passos no Violino (rep),Aula básica de como segurar o violino e o arco,https://youtube.com/watch?v=violin_basics,youtube,,,,tutorial,iniciante,,[],0,4,true,2026-02-13 18:01:39.533249
dded683a-88c2-45da-9bdc-da21a0bccc7c,6925f61b-ba48-473a-b69a-e3548036c1df,video,Técnica de Vibrato (rep),Demonstração da técnica de vibrato no violino,https://youtube.com/watch?v=violin_vibrato,youtube,,,,tutorial,avancado,,[],0,5,true,2026-02-13 18:01:39.533249
ddf0de7f-c47f-47a1-a22f-d35ffa5dfd01,2abbd218-b737-410e-934b-f9c8f3d2b806,imagem,Anatomia do Violino,Diagrama educativo das partes do violino,img/violino/anatomia.jpg,upload,,,,,iniciante,,[],0,2,true,2026-02-13 18:01:39.533249
ddf9e71d-48f0-40fc-9b7a-e9b941915424,0b9c8c6b-0e47-471c-b83b-01c931410692,imagem,Violino Stradivarius (rep),Violino clássico de luthier famoso mostrando detalhes da madeira,img/violino/stradivarius.jpg,upload,,,,,iniciante,,[],0,1,true,2026-02-13 18:01:39.533249
ddfc7213-d1df-4796-a19f-29e4f0e3dc16,6b11dc1a-295f-4458-9c08-2bcec09ff3ec,video,Primeiros Passos no Violino,Aula básica de como segurar o violino e o arco,https://youtube.com/watch?v=violin_basics,youtube,,,,tutorial,iniciante,,[],0,4,true,2026-02-13 17:57:36.711969
de0fc950-de3d-4b49-b73c-eac3f814b229,ab9720a5-1973-484e-9a44-d4aa62594336,video,Postura Correta no Piano,Como sentar e posicionar mãos e braços,https://youtube.com/watch?v=postura_piano,youtube,,,,tecnica,iniciante,420,"[""postura"",""tecnica"",""basico""]",0,0,true,2025-06-08 18:57:54.942465
de386fbf-31e8-46bf-8fba-9aa3eb6a9e67,df168c2e-275a-44ed-9ee7-af356bf724e5,video,Técnica de Vibrato,Demonstração da técnica de vibrato no violino,https://youtube.com/watch?v=violin_vibrato,youtube,,,,tutorial,avancado,,[],0,5,true,2026-02-13 17:57:36.711969
de3b55c9-10db-48de-8464-ee74919a278f,9c3a903d-8750-4ded-9341-c876a6d6de93,3d,Modelo 3D Violino,Modelo tridimensional interativo do violino,models/violino_3d.glb,upload,,,,,iniciante,,[],0,10,false,2026-02-13 18:01:39.533249
de47adf0-2acf-45eb-a942-f48d41bb7b85,bc665a4e-e301-44d3-b8bf-decb09422d71,imagem,Violino Stradivarius,Violino clássico de luthier famoso mostrando detalhes da madeira,img/violino/stradivarius.jpg,upload,,,,,iniciante,,[],0,1,false,2026-02-13 18:01:39.533249
de4862b0-1c01-4bc8-bfc5-91ac573a0b82,56f643e0-a3e2-4067-84ac-334c454426f8,video,Ave Maria - Schubert (rep),Performance clássica da famosa peça,https://youtube.com/watch?v=ave_maria_violin,youtube,,,,performance,intermediario,,[],0,6,false,2026-02-13 18:01:39.533249
de4da5c3-41cb-49f8-9cb2-3d5f34dfb2e9,cca87ab1-8ad4-4876-a8d8-190f85927952,video,Técnica de Vibrato,Demonstração da técnica de vibrato no violino,https://youtube.com/watch?v=violin_vibrato,youtube,,,,tutorial,avancado,,[],0,5,true,2026-02-13 18:01:39.533249
de52e95d-66bd-49d2-aca3-7851bef4e311,e48ad87b-d237-45e4-a707-05374c4240fa,video,Técnica de Vibrato,Demonstração da técnica de vibrato no violino,https://youtube.com/watch?v=violin_vibrato,youtube,,,,tutorial,avancado,,[],0,5,true,2026-02-13 18:01:39.533249
de72cbbf-1a5a-424a-8181-20efc253cc88,87ee66bf-bb70-4e70-9aa3-4bff514ced4e,audio,Concerto Tchaikovsky (rep),Primeiro movimento do famoso concerto,audio/violino/tchaikovsky_concerto.mp3,upload,,,,,avancado,,[],0,8,false,2026-02-13 18:01:39.533249
debc06fe-7f92-4dfd-8096-ff8840a99258,7b6ae164-dfdf-452d-a5c3-d01554861444,imagem,Postura do Violinista (rep),Demonstração da postura correta para tocar violino,img/violino/postura.jpg,upload,,,,,iniciante,,[],0,3,false,2026-02-13 18:01:39.533249
dec6ee6b-51c5-4603-8eed-033652982888,13912e91-7b48-4a8d-82b7-b59515c2a0d3,imagem,Violino Stradivarius,Violino clássico de luthier famoso mostrando detalhes da madeira,img/violino/stradivarius.jpg,upload,,,,,iniciante,,[],0,1,true,2026-02-13 17:57:36.711969
df31776f-6b10-4ef1-9b63-a83625d8a83b,6925f61b-ba48-473a-b69a-e3548036c1df,audio,Concerto Tchaikovsky,Primeiro movimento do famoso concerto,audio/violino/tchaikovsky_concerto.mp3,upload,,,,,avancado,,[],0,8,true,2026-02-13 18:01:39.533249
df3f6a2f-c010-4578-b93b-ce2d1a4c753c,453ca164-6f0e-4554-b008-dd68bf4586c2,video,Primeiros Passos no Violino,Aula básica de como segurar o violino e o arco,https://youtube.com/watch?v=violin_basics,youtube,,,,tutorial,iniciante,,[],0,4,true,2026-02-13 17:57:36.711969
df7d9295-26f4-422a-8355-576f6a7d6e91,b73f1d80-3d73-487e-89b8-ab35274a8dd4,video,Solo jazz,Contrabaixo em solo jazz.,https://www.youtube.com/watch?v=contrabaixo8,youtube,,,,performance,avancado,300,"[""solo"",""contrabaixo""]",0,0,true,2025-06-16 05:28:34.120792
df9f2860-6e02-40ec-8897-c40a72b6280f,57d10b2f-c49f-460d-8fab-3da3065c15c2,video,Técnica de Vibrato,Demonstração da técnica de vibrato no violino,https://youtube.com/watch?v=violin_vibrato,youtube,,,,tutorial,avancado,,[],0,5,true,2026-02-13 17:57:36.711969
dfc0147e-261b-4bd7-9db2-ad4294b03f66,1f8c0a22-f3fc-4f51-8938-6e1cc6e24f85,imagem,Postura do Violinista,Demonstração da postura correta para tocar violino,img/violino/postura.jpg,upload,,,,,iniciante,,[],0,3,false,2026-02-13 18:01:39.533249
dfeb98ef-32d8-4bff-9d56-698992a6ae6e,df168c2e-275a-44ed-9ee7-af356bf724e5,video,Primeiros Passos no Violino (rep),Aula básica de como segurar o violino e o arco,https://youtube.com/watch?v=violin_basics,youtube,,,,tutorial,iniciante,,[],0,4,false,2026-02-13 18:01:39.533249
e009ec29-f844-48ad-8c14-44a1ff7d9291,9edff4db-9ef5-43fc-970a-7d2086de223b,video,Ave Maria - Schubert (rep),Performance clássica da famosa peça,https://youtube.com/watch?v=ave_maria_violin,youtube,,,,performance,intermediario,,[],0,6,true,2026-02-13 18:01:39.533249
e0116456-c1b2-495c-bc00-38e4ab8ae606,87ee66bf-bb70-4e70-9aa3-4bff514ced4e,video,Ave Maria - Schubert,Performance clássica da famosa peça,https://youtube.com/watch?v=ave_maria_violin,youtube,,,,performance,intermediario,,[],0,6,true,2026-02-13 18:01:39.533249
e03c95d0-b5ce-4a1a-89a7-0381d5135532,e54b748d-3b1b-48ba-b65e-ec1e476e94ad,3d,Modelo 3D Violino,Modelo tridimensional interativo do violino,models/violino_3d.glb,upload,,,,,iniciante,,[],0,10,true,2026-02-13 18:01:39.533249
e04129a0-4647-4519-b0f5-cd0bb596a840,56e32061-7ed6-495d-9bc1-00cdb345b02e,3d,Modelo 3D Violino,Modelo tridimensional interativo do violino,models/violino_3d.glb,upload,,,,,iniciante,,[],0,10,true,2026-02-13 18:01:39.533249
e0471166-faf7-4cbd-a96f-cbd45e758195,bc665a4e-e301-44d3-b8bf-decb09422d71,video,Violino no Jazz,Improvisação jazzística no violino,https://youtube.com/watch?v=jazz_violin,youtube,,,,performance,avancado,,[],0,7,true,2026-02-13 17:57:36.711969
e0721c4e-fb40-4d3c-bd00-64b6c3a0533a,ee709f67-e4e4-4f9c-9001-7574e4d8dfa0,imagem,Violino Stradivarius,Violino clássico de luthier famoso mostrando detalhes da madeira,img/violino/stradivarius.jpg,upload,,,,,iniciante,,[],0,1,true,2026-02-13 17:57:36.711969
e0843df8-f409-4840-b1d9-6506e57062a2,87ee66bf-bb70-4e70-9aa3-4bff514ced4e,imagem,Postura do Violinista,Demonstração da postura correta para tocar violino,img/violino/postura.jpg,upload,,,,,iniciante,,[],0,3,true,2026-02-13 17:57:36.711969
e0bc302d-fc70-4b32-9694-074047d01101,4c61dc18-2b1e-48c8-8a2e-2c730679d4a5,audio,Capricho Paganini,Capricho nº 24 de Paganini,audio/violino/paganini_caprice.mp3,upload,,,,,avancado,,[],0,9,true,2026-02-13 18:01:39.533249
e0bcc169-7ef6-4de1-84cf-0eb0a62b85c5,8ddb4eea-18b9-4b8f-bb85-16a1f5474f87,imagem,Anatomia do Violino (rep),Diagrama educativo das partes do violino,img/violino/anatomia.jpg,upload,,,,,iniciante,,[],0,2,true,2026-02-13 18:01:39.533249
e0e9fbe0-670e-49d4-bb4d-8fd98f247493,b7425269-f2bb-454c-8c61-e3e9d028c9b4,imagem,Postura do Violinista,Demonstração da postura correta para tocar violino,img/violino/postura.jpg,upload,,,,,iniciante,,[],0,3,true,2026-02-13 18:01:39.533249
e0eeee77-f835-473a-ad52-1b59c5deb3ac,df49fd27-9bcd-4462-a0f8-b36f0ff9f97f,imagem,Setup e Postura,Posição correta para tocar guitarra em pé e sentado,img/guitarra/postura.jpg,upload,,,,,iniciante,,[],0,3,true,2025-06-09 04:27:22.284765
e10d1dcb-b044-462a-877d-2c59178d79f7,3e02292d-bd2f-46ed-9b9e-a0c8b0acd996,video,Ave Maria - Schubert,Performance clássica da famosa peça,https://youtube.com/watch?v=ave_maria_violin,youtube,,,,performance,intermediario,,[],0,6,true,2026-02-13 18:01:39.533249
e13bda1f-899f-4700-a302-83076c411eb0,df168c2e-275a-44ed-9ee7-af356bf724e5,video,Ave Maria - Schubert,Performance clássica da famosa peça,https://youtube.com/watch?v=ave_maria_violin,youtube,,,,performance,intermediario,,[],0,6,true,2026-02-13 18:01:39.533249
e15c826e-e102-4d5f-b8a2-47c71f80e751,7b6ae164-dfdf-452d-a5c3-d01554861444,3d,Modelo 3D Violino,Modelo tridimensional interativo do violino,models/violino_3d.glb,upload,,,,,iniciante,,[],0,10,true,2026-02-13 18:01:39.533249
e16579ec-c4f4-4261-afa4-6f5b78a8d03e,9b42a23b-ac7f-42e1-8a04-bde4c525fbde,imagem,Oboé histórico,Oboé antigo.,/midias/oboe/historico.jpg,upload,,,,historia,avancado,,"[""historia"",""oboe""]",0,0,true,2025-06-20 05:15:55.927047
e19431ae-532f-4ae5-aa82-579a7b2ffa40,57d10b2f-c49f-460d-8fab-3da3065c15c2,imagem,Violino Stradivarius,Violino clássico de luthier famoso mostrando detalhes da madeira,img/violino/stradivarius.jpg,upload,,,,,iniciante,,[],0,1,true,2026-02-13 17:57:36.711969
e19a7ec6-50bb-447a-857b-29f13be0c2bb,750450cf-e14e-4f02-944e-b3c1bb0f87a4,video,Violino no Jazz,Improvisação jazzística no violino,https://youtube.com/watch?v=jazz_violin,youtube,,,,performance,avancado,,[],0,7,false,2026-02-13 18:01:39.533249
e1a446ac-6186-444a-821d-234039dba38c,c75fe646-ff86-4420-98f0-a0f25d39de45,imagem,Postura do Violinista,Demonstração da postura correta para tocar violino,img/violino/postura.jpg,upload,,,,,iniciante,,[],0,3,true,2026-02-13 18:01:39.533249
e1b61686-f24a-4f87-a580-b5c7d19d121e,3957c464-86dc-4aa2-9f09-57b5eb2a6c6a,video,Ave Maria - Schubert,Performance clássica da famosa peça,https://youtube.com/watch?v=ave_maria_violin,youtube,,,,performance,intermediario,,[],0,6,true,2026-02-13 18:01:39.533249
e1b9c462-3c74-4015-89d9-2e3a565f840f,3e02292d-bd2f-46ed-9b9e-a0c8b0acd996,video,Primeiros Passos no Violino,Aula básica de como segurar o violino e o arco,https://youtube.com/watch?v=violin_basics,youtube,,,,tutorial,iniciante,,[],0,4,false,2026-02-13 18:01:39.533249
e1c2eb19-c8bd-4d9b-b382-0f996027ce6e,174f6ed4-3c21-444a-acfa-5149f53f2ca0,3d,Modelo 3D Violino,Modelo tridimensional interativo do violino,models/violino_3d.glb,upload,,,,,iniciante,,[],0,10,true,2026-02-13 17:57:36.711969
e1f90d41-bdb6-42f3-b617-5b2555bc4f29,63ebeaeb-be5d-4c26-a5cf-f59b71423401,imagem,Violino Stradivarius (rep),Violino clássico de luthier famoso mostrando detalhes da madeira,img/violino/stradivarius.jpg,upload,,,,,iniciante,,[],0,1,true,2026-02-13 18:01:39.533249
e1fdb296-78c4-4c05-ae79-d79a4687cdb8,e54b748d-3b1b-48ba-b65e-ec1e476e94ad,imagem,Violino Stradivarius,Violino clássico de luthier famoso mostrando detalhes da madeira,img/violino/stradivarius.jpg,upload,,,,,iniciante,,[],0,1,true,2026-02-13 17:57:36.711969
e2574da7-76c8-4b87-9389-9f9b30e25a15,7b6ae164-dfdf-452d-a5c3-d01554861444,video,Primeiros Passos no Violino,Aula básica de como segurar o violino e o arco,https://youtube.com/watch?v=violin_basics,youtube,,,,tutorial,iniciante,,[],0,4,true,2026-02-13 17:57:36.711969
e267c5ab-c593-4a3c-a576-e25a6e3d7579,36b9d36d-f65b-4ba1-89be-4ab3707e874c,audio,Orquestra,Execução em orquestra.,/midias/fagote/orquestra.mp3,upload,,,,performance,avancado,300,"[""orquestra"",""fagote""]",0,0,true,2025-06-20 02:48:24.932103
e2709cd0-4904-418e-a918-8a3272b24044,3702e3f9-bc82-42b6-ae32-c770081b3ec2,3d,Modelo 3D Violino,Modelo tridimensional interativo do violino,models/violino_3d.glb,upload,,,,,iniciante,,[],0,10,true,2026-02-13 18:01:39.533249
e276e914-e094-40c5-b218-aafa833d11e6,87ee66bf-bb70-4e70-9aa3-4bff514ced4e,video,Primeiros Passos no Violino,Aula básica de como segurar o violino e o arco,https://youtube.com/watch?v=violin_basics,youtube,,,,tutorial,iniciante,,[],0,4,true,2026-02-13 18:01:39.533249
e287fbae-c29e-4076-84f9-11621560c3b0,b73f1d80-3d73-487e-89b8-ab35274a8dd4,audio,Pizzicato,Exemplo pizzicato.,/midias/contrabaixo/pizzicato.mp3,upload,,,,tecnica,iniciante,60,"[""pizzicato"",""contrabaixo""]",0,0,true,2025-06-16 05:28:34.120792
e2cafb37-f7e5-4d2f-94e4-446b4fb8b065,4c61dc18-2b1e-48c8-8a2e-2c730679d4a5,imagem,Violino Stradivarius,Violino clássico de luthier famoso mostrando detalhes da madeira,img/violino/stradivarius.jpg,upload,,,,,iniciante,,[],0,1,true,2026-02-13 18:01:39.533249
e30d2e0c-3368-4761-b8a5-5979521875f9,6925f61b-ba48-473a-b69a-e3548036c1df,video,Primeiros Passos no Violino,Aula básica de como segurar o violino e o arco,https://youtube.com/watch?v=violin_basics,youtube,,,,tutorial,iniciante,,[],0,4,false,2026-02-13 18:01:39.533249
e30dd09b-d39c-4099-b8bf-911adaffd136,80436b4f-15c1-452f-9442-34e42b5117e4,imagem,Postura do Violinista,Demonstração da postura correta para tocar violino,img/violino/postura.jpg,upload,,,,,iniciante,,[],0,3,true,2026-02-13 17:57:36.711969
e347907f-0011-450f-a445-952066548058,9c3a903d-8750-4ded-9341-c876a6d6de93,imagem,Anatomia do Violino,Diagrama educativo das partes do violino,img/violino/anatomia.jpg,upload,,,,,iniciante,,[],0,2,true,2026-02-13 18:01:39.533249
e364d4ef-ad69-4af6-9e59-dab7867b7d48,a0f53672-7d87-4ab4-a64f-b551fc1a380d,video,Primeiros Passos no Violino,Aula básica de como segurar o violino e o arco,https://youtube.com/watch?v=violin_basics,youtube,,,,tutorial,iniciante,,[],0,4,true,2026-02-13 18:01:39.533249
e3bb10f3-c7dd-47c8-aec2-481dc9cbe6dd,26cadf44-6d7b-4f9b-85d6-6b2c40715f45,imagem,Chaves do saxofone,Detalhe das chaves.,/midias/saxofone/chaves.jpg,upload,,,,tecnica,iniciante,,"[""chaves"",""saxofone""]",0,0,false,2025-06-16 00:57:47.581967
e3e3004a-79bb-48bb-a104-2e79267c2d71,35da6877-2528-4f37-9ab4-b44893ad1dbf,imagem,Violino Stradivarius,Violino clássico de luthier famoso mostrando detalhes da madeira,img/violino/stradivarius.jpg,upload,,,,,iniciante,,[],0,1,true,2026-02-13 17:57:36.711969
e40f4d56-25e3-401c-97bb-79b15f2beec5,bc665a4e-e301-44d3-b8bf-decb09422d71,imagem,Anatomia do Violino (rep),Diagrama educativo das partes do violino,img/violino/anatomia.jpg,upload,,,,,iniciante,,[],0,2,true,2026-02-13 18:01:39.533249
e41d68f6-5afa-4091-8b73-cb252442ce87,b73f1d80-3d73-487e-89b8-ab35274a8dd4,audio,Arco,Exemplo arco.,/midias/contrabaixo/arco.mp3,upload,,,,tecnica,iniciante,60,"[""arco"",""contrabaixo""]",0,0,true,2025-06-16 05:28:34.120792
e41ff531-a5ab-45a0-aca6-939042738d13,26cadf44-6d7b-4f9b-85d6-6b2c40715f45,audio,Orquestra,Sax em orquestra.,/midias/saxofone/orquestra.mp3,upload,,,,performance,avancado,300,"[""orquestra"",""saxofone""]",0,0,false,2025-06-16 00:57:47.581967
e4202066-10c5-4211-a3db-5f011e0670ea,32705505-7727-4d27-b7bd-b08e7c90c233,imagem,Violino Stradivarius,Violino clássico de luthier famoso mostrando detalhes da madeira,img/violino/stradivarius.jpg,upload,,,,,iniciante,,[],0,1,true,2026-02-13 18:01:39.533249
e42b8746-a640-4afa-a022-5a4b998e0ee2,87ee66bf-bb70-4e70-9aa3-4bff514ced4e,video,Ave Maria - Schubert,Performance clássica da famosa peça,https://youtube.com/watch?v=ave_maria_violin,youtube,,,,performance,intermediario,,[],0,6,true,2026-02-13 18:01:39.533249
e43330b7-be76-45ec-a5f2-8b3e9dbd4115,9c3a903d-8750-4ded-9341-c876a6d6de93,audio,Capricho Paganini,Capricho nº 24 de Paganini,audio/violino/paganini_caprice.mp3,upload,,,,,avancado,,[],0,9,true,2026-02-13 17:57:36.711969
e4341682-0ff1-4d4f-a0f9-8010f87cc603,56e32061-7ed6-495d-9bc1-00cdb345b02e,video,Violino no Jazz,Improvisação jazzística no violino,https://youtube.com/watch?v=jazz_violin,youtube,,,,performance,avancado,,[],0,7,true,2026-02-13 18:01:39.533249
e4703f6b-8882-4df7-beee-499dffb5cf47,4d78c5a4-04bf-452d-b326-83e7c72c10ef,video,Violino no Jazz,Improvisação jazzística no violino,https://youtube.com/watch?v=jazz_violin,youtube,,,,performance,avancado,,[],0,7,true,2026-02-13 17:57:36.711969
e48311a9-fe8b-4ab9-b444-ad8b77a7c04f,df42056c-8a3e-454c-aeca-73b4d608b85c,imagem,Postura do Violinista (rep),Demonstração da postura correta para tocar violino,img/violino/postura.jpg,upload,,,,,iniciante,,[],0,3,true,2026-02-13 18:01:39.533249
e4877f8b-cb1d-4573-854e-bba634f09e08,6925f61b-ba48-473a-b69a-e3548036c1df,imagem,Anatomia do Violino,Diagrama educativo das partes do violino,img/violino/anatomia.jpg,upload,,,,,iniciante,,[],0,2,false,2026-02-13 18:01:39.533249
e4a171c9-772d-4162-a2ec-1bdce2b40f5d,794f42a6-619a-4ca3-8f1b-c3ac7a9e7a08,imagem,Flauta transversal,Foto de flauta transversal profissional.,/midias/flauta/frontal.jpg,upload,,,,tecnica,iniciante,,"[""flauta"",""estrutura""]",0,0,true,2025-06-15 19:42:58.828009
e4c081db-b967-4db1-a80a-9eb5f0547961,174f6ed4-3c21-444a-acfa-5149f53f2ca0,audio,Capricho Paganini,Capricho nº 24 de Paganini,audio/violino/paganini_caprice.mp3,upload,,,,,avancado,,[],0,9,true,2026-02-13 18:01:39.533249
e4ed78a7-77b8-478c-987b-cdc49b756606,509d6a26-159a-4976-aa46-83f914f930aa,imagem,Postura do Violinista,Demonstração da postura correta para tocar violino,img/violino/postura.jpg,upload,,,,,iniciante,,[],0,3,false,2026-02-13 18:01:39.533249
e530cf72-1ece-46e2-89d7-e2cabe9b86e9,56f643e0-a3e2-4067-84ac-334c454426f8,video,Técnica de Vibrato,Demonstração da técnica de vibrato no violino,https://youtube.com/watch?v=violin_vibrato,youtube,,,,tutorial,avancado,,[],0,5,true,2026-02-13 17:57:36.711969
e535d905-28f7-44ba-ae76-ab71653e6b8a,0e52514e-58c3-463a-a6e4-f71a1439f9b7,video,Primeiros Passos no Violino,Aula básica de como segurar o violino e o arco,https://youtube.com/watch?v=violin_basics,youtube,,,,tutorial,iniciante,,[],0,4,true,2026-02-13 18:01:39.533249
e54442d6-c2f2-4283-a85c-9c6da77be504,8bd473f1-7b35-4b9e-869a-17fb73c6e047,audio,Legato,Execução legato.,/midias/teclado/legato.mp3,upload,,,,tecnica,iniciante,60,"[""legato"",""teclado""]",0,0,true,2025-06-15 20:36:24.121938
e54ef5b1-281a-44e0-be0b-31dc88625989,d7c80fe1-ab43-4920-b2aa-d9b4f3ace166,video,Trinado no clarinete,Execução correta,https://www.youtube.com/watch?v=clarinete10,youtube,,,,tecnica,intermediario,120,"[""trinado"",""clarinete""]",0,0,true,2025-06-15 19:19:49.258132
e5574477-ab3c-45be-bc17-7f0954674541,492f792b-8d0c-46b7-a195-c8c32114696d,video,Violino no Jazz (rep),Improvisação jazzística no violino,https://youtube.com/watch?v=jazz_violin,youtube,,,,performance,avancado,,[],0,7,true,2026-02-13 18:01:39.533249
e5b5d1a0-7d48-451d-8652-dd9866c0a17c,3702e3f9-bc82-42b6-ae32-c770081b3ec2,video,Primeiros Passos no Violino,Aula básica de como segurar o violino e o arco,https://youtube.com/watch?v=violin_basics,youtube,,,,tutorial,iniciante,,[],0,4,true,2026-02-13 17:57:36.711969
e5d777f2-1e85-499e-b084-52d8ce7701de,b73f1d80-3d73-487e-89b8-ab35274a8dd4,imagem,Cravelhas,Detalhe das cravelhas.,/midias/contrabaixo/cravelhas.jpg,upload,,,,tecnica,iniciante,,"[""cravelhas"",""contrabaixo""]",0,0,true,2025-06-16 05:28:34.120792
e5de2006-a058-4280-8363-8fa34fb7d39b,1b699036-0f72-4c48-9801-e01f6f25e165,video,Ave Maria - Schubert,Performance clássica da famosa peça,https://youtube.com/watch?v=ave_maria_violin,youtube,,,,performance,intermediario,,[],0,6,true,2026-02-13 17:57:36.711969
e617150a-88fb-498d-89f9-a60548f3f4bf,8bd473f1-7b35-4b9e-869a-17fb73c6e047,video,Teclado em banda,Performance com banda.,https://www.youtube.com/watch?v=teclado7,youtube,,,,performance,avancado,600,"[""banda"",""teclado""]",0,0,true,2025-06-15 20:36:24.121938
e61d8316-75fc-4778-8bc1-a4dd4200e23a,64b94e98-6ad2-4e7f-9aa0-b57f6bb58df1,video,Violino no Jazz,Improvisação jazzística no violino,https://youtube.com/watch?v=jazz_violin,youtube,,,,performance,avancado,,[],0,7,false,2026-02-13 18:01:39.533249
e626dea2-1322-46d6-94df-4ac45c409fce,df49fd27-9bcd-4462-a0f8-b36f0ff9f97f,3d,Modelo 3D Violino,Modelo tridimensional interativo do violino,models/violino_3d.glb,upload,,,,,iniciante,,[],0,10,true,2026-02-13 17:57:36.711969
e6523dd2-2417-4dc1-9d94-4fcb0a5f1b11,9c3a903d-8750-4ded-9341-c876a6d6de93,video,Técnica de Vibrato,Demonstração da técnica de vibrato no violino,https://youtube.com/watch?v=violin_vibrato,youtube,,,,tutorial,avancado,,[],0,5,true,2026-02-13 18:01:39.533249
e664087a-93ae-41a7-a6b1-7861a77a4860,2abbd218-b737-410e-934b-f9c8f3d2b806,imagem,Violino Stradivarius,Violino clássico de luthier famoso mostrando detalhes da madeira,img/violino/stradivarius.jpg,upload,,,,,iniciante,,[],0,1,true,2026-02-13 17:57:36.711969
e689b994-4c68-4068-94fa-1824a0a8a24d,850c53c4-2ed6-4a12-a4ff-3fbaecd6bf73,imagem,Bocal do trombone,Detalhe do bocal.,/midias/trombone/bocal.jpg,upload,,,,tecnica,iniciante,,"[""bocal"",""trombone""]",0,0,true,2025-06-20 13:43:29.669569
e68b849e-673f-4900-8ff3-5d47f81ef869,8bd473f1-7b35-4b9e-869a-17fb73c6e047,audio,Improviso,Improvisação.,/midias/teclado/improviso.mp3,upload,,,,performance,avancado,180,"[""improviso"",""teclado""]",0,0,true,2025-06-15 20:36:24.121938
e6b77a40-f138-404a-a485-45a2deace4b6,c75fe646-ff86-4420-98f0-a0f25d39de45,3d,Modelo 3D Violino,Modelo tridimensional interativo do violino,models/violino_3d.glb,upload,,,,,iniciante,,[],0,10,true,2026-02-13 18:01:39.533249
e6bd0b6c-c561-4b82-a974-60d53996dd31,26cadf44-6d7b-4f9b-85d6-6b2c40715f45,video,Solo,Apresentação solo.,https://www.youtube.com/watch?v=saxofone9,youtube,,,,performance,avancado,300,"[""solo"",""saxofone""]",0,0,true,2025-06-16 00:56:26.375072
e6c356e5-6362-4082-a99c-dc557782650a,492f792b-8d0c-46b7-a195-c8c32114696d,imagem,Anatomia do Violino,Diagrama educativo das partes do violino,img/violino/anatomia.jpg,upload,,,,,iniciante,,[],0,2,true,2026-02-13 17:57:36.711969
e6cee693-26dc-4245-bc2d-9afaad042dbf,761a3318-9a5e-46f3-88f2-62159b96100c,audio,Concerto Tchaikovsky (rep),Primeiro movimento do famoso concerto,audio/violino/tchaikovsky_concerto.mp3,upload,,,,,avancado,,[],0,8,true,2026-02-13 18:01:39.533249
e6d01d68-458f-4dbb-89a9-6c595733ebbe,761a3318-9a5e-46f3-88f2-62159b96100c,video,Violino no Jazz,Improvisação jazzística no violino,https://youtube.com/watch?v=jazz_violin,youtube,,,,performance,avancado,,[],0,7,true,2026-02-13 17:57:36.711969
e6d10dba-0e29-444b-ba94-7acf339461ba,56f643e0-a3e2-4067-84ac-334c454426f8,audio,Capricho Paganini,Capricho nº 24 de Paganini,audio/violino/paganini_caprice.mp3,upload,,,,,avancado,,[],0,9,true,2026-02-13 18:01:39.533249
e6e65f19-70c2-4f18-8c55-dc2ff748a3d5,2abbd218-b737-410e-934b-f9c8f3d2b806,video,Primeiros Passos no Violino,Aula básica de como segurar o violino e o arco,https://youtube.com/watch?v=violin_basics,youtube,,,,tutorial,iniciante,,[],0,4,true,2026-02-13 17:57:36.711969
e6e7ed5f-87cd-4863-8817-0ee5c1613a02,36b9d36d-f65b-4ba1-89be-4ab3707e874c,imagem,Fagote antigo,Fagote histórico.,/midias/fagote/antigo.jpg,upload,,,,historia,avancado,,"[""historia"",""fagote""]",0,0,true,2025-06-20 02:48:24.932103
e7067b88-40cf-4488-b98b-0522547bf2b8,4445b5c9-dcdf-4dd3-8ce6-bb04a22127ce,imagem,Violino Stradivarius,Violino clássico de luthier famoso mostrando detalhes da madeira,img/violino/stradivarius.jpg,upload,,,,,iniciante,,[],0,1,true,2026-02-13 18:01:39.533249
e70c0780-80ab-4701-9678-4a43b78a1fb3,34f9e29b-3d22-464a-b31c-c3f4fbb73328,video,Ave Maria - Schubert,Performance clássica da famosa peça,https://youtube.com/watch?v=ave_maria_violin,youtube,,,,performance,intermediario,,[],0,6,true,2026-02-13 17:57:36.711969
e7355077-bc8a-4d39-832d-a2edc2dc4c20,8ddb4eea-18b9-4b8f-bb85-16a1f5474f87,imagem,Anatomia do Violino,Diagrama educativo das partes do violino,img/violino/anatomia.jpg,upload,,,,,iniciante,,[],0,2,true,2026-02-13 17:57:36.711969
e75b2be2-725a-4208-b3cb-449dce5be5f3,f8653cdb-e2e7-479a-bfff-c8643859b866,imagem,Violino Stradivarius,Violino clássico de luthier famoso mostrando detalhes da madeira,img/violino/stradivarius.jpg,upload,,,,,iniciante,,[],0,1,true,2026-02-13 18:01:39.533249
e7784a3a-3aec-4347-b5cb-b602aa3a1379,36040329-1aa6-428a-ad39-cd85de03493e,audio,Concerto Tchaikovsky,Primeiro movimento do famoso concerto,audio/violino/tchaikovsky_concerto.mp3,upload,,,,,avancado,,[],0,8,true,2026-02-13 18:01:39.533249
e78af239-5ee6-43ad-8c68-30faaf2ce356,fb125188-c48e-4d89-a46e-11c3b600dabd,video,Violino no Jazz,Improvisação jazzística no violino,https://youtube.com/watch?v=jazz_violin,youtube,,,,performance,avancado,,[],0,7,true,2026-02-13 17:57:36.711969
e7940d5c-47c6-4915-a0dd-7fdd1e42eb2f,26cadf44-6d7b-4f9b-85d6-6b2c40715f45,video,Trinado,Demonstração de trinado.,https://www.youtube.com/watch?v=saxofone6,youtube,,,,tecnica,intermediario,120,"[""trinado"",""saxofone""]",0,0,true,2025-06-16 00:56:26.375072
e7948bab-b467-429f-b49c-23c193d4100e,26cadf44-6d7b-4f9b-85d6-6b2c40715f45,audio,Trinado,Execução trinado.,/midias/saxofone/trinado.mp3,upload,,,,tecnica,intermediario,60,"[""trinado"",""saxofone""]",0,0,true,2025-06-16 00:56:26.375072
e7b393e7-7975-4e7c-bed8-632fb15c2021,35da6877-2528-4f37-9ab4-b44893ad1dbf,video,Primeiros Passos no Violino,Aula básica de como segurar o violino e o arco,https://youtube.com/watch?v=violin_basics,youtube,,,,tutorial,iniciante,,[],0,4,false,2026-02-13 18:01:39.533249
e7dd1e1c-934d-4fe1-87f4-dd86deb62308,36b9d36d-f65b-4ba1-89be-4ab3707e874c,video,História do fagote,Documentário.,https://www.youtube.com/watch?v=fagote6,youtube,,,,historia,iniciante,420,"[""historia"",""fagote""]",0,0,true,2025-06-20 02:48:24.932103
e7e2029d-efdb-48c4-ad7c-cd9e09c309b2,63ebeaeb-be5d-4c26-a5cf-f59b71423401,video,Técnica de Vibrato,Demonstração da técnica de vibrato no violino,https://youtube.com/watch?v=violin_vibrato,youtube,,,,tutorial,avancado,,[],0,5,true,2026-02-13 18:01:39.533249
e7f48c84-c7d7-4f4c-b925-f6897566cc8f,4c61dc18-2b1e-48c8-8a2e-2c730679d4a5,video,Técnica de Vibrato (rep),Demonstração da técnica de vibrato no violino,https://youtube.com/watch?v=violin_vibrato,youtube,,,,tutorial,avancado,,[],0,5,false,2026-02-13 18:01:39.533249
e8065917-d120-4c31-b2eb-2097fd0abca9,56f643e0-a3e2-4067-84ac-334c454426f8,audio,Concerto Tchaikovsky,Primeiro movimento do famoso concerto,audio/violino/tchaikovsky_concerto.mp3,upload,,,,,avancado,,[],0,8,true,2026-02-13 18:01:39.533249
e82c4ba5-f1a9-43de-a943-7db18627cd6e,87ee66bf-bb70-4e70-9aa3-4bff514ced4e,audio,Capricho Paganini,Capricho nº 24 de Paganini,audio/violino/paganini_caprice.mp3,upload,,,,,avancado,,[],0,9,true,2026-02-13 17:57:36.711969
e854795a-c529-4413-9764-a0205f5da227,57d10b2f-c49f-460d-8fab-3da3065c15c2,3d,Modelo 3D Violino (rep),Modelo tridimensional interativo do violino,models/violino_3d.glb,upload,,,,,iniciante,,[],0,10,true,2026-02-13 18:01:39.533249
e85f065c-e692-4bce-acee-1f257c408745,df49fd27-9bcd-4462-a0f8-b36f0ff9f97f,imagem,Postura do Violinista,Demonstração da postura correta para tocar violino,img/violino/postura.jpg,upload,,,,,iniciante,,[],0,3,true,2026-02-13 17:57:36.711969
e86a65fa-69f7-4fe2-8dbc-6aec913d04aa,850c53c4-2ed6-4a12-a4ff-3fbaecd6bf73,audio,Respiração,Respiração controlada.,/midias/trombone/respiracao.mp3,upload,,,,tecnica,iniciante,60,"[""respiracao"",""trombone""]",0,0,true,2025-06-20 13:43:29.669569
e882c44c-f9a7-412b-92ff-4f6c92d5207a,82052c70-0a9d-4d94-873e-3b402e032f55,video,Técnica de Vibrato,Demonstração da técnica de vibrato no violino,https://youtube.com/watch?v=violin_vibrato,youtube,,,,tutorial,avancado,,[],0,5,false,2026-02-13 18:01:39.533249
e885311a-7138-499c-8a6d-1555ed895412,32705505-7727-4d27-b7bd-b08e7c90c233,video,Técnica de Vibrato (rep),Demonstração da técnica de vibrato no violino,https://youtube.com/watch?v=violin_vibrato,youtube,,,,tutorial,avancado,,[],0,5,false,2026-02-13 18:01:39.533249
e891a964-1473-4088-8ea3-ca9f1860eae3,bee0f63a-e248-4f2c-9325-0a23cb3c5a8e,video,Primeiros Passos no Violino (rep),Aula básica de como segurar o violino e o arco,https://youtube.com/watch?v=violin_basics,youtube,,,,tutorial,iniciante,,[],0,4,true,2026-02-13 18:01:39.533249
e892c104-3f54-48e7-a219-b9c1884552b1,9a5e0eac-114e-4173-90af-32b55c870675,audio,Concerto Tchaikovsky,Primeiro movimento do famoso concerto,audio/violino/tchaikovsky_concerto.mp3,upload,,,,,avancado,,[],0,8,false,2026-02-13 18:01:39.533249
e8966b54-0bc3-435a-b0f9-1790e0179c30,6925f61b-ba48-473a-b69a-e3548036c1df,imagem,Violino Stradivarius,Violino clássico de luthier famoso mostrando detalhes da madeira,img/violino/stradivarius.jpg,upload,,,,,iniciante,,[],0,1,false,2026-02-13 18:01:39.533249
e8a5fd2a-5037-4638-98dd-4371f3cf8874,ee709f67-e4e4-4f9c-9001-7574e4d8dfa0,3d,Modelo 3D Violino,Modelo tridimensional interativo do violino,models/violino_3d.glb,upload,,,,,iniciante,,[],0,10,false,2026-02-13 18:01:39.533249
e8bf7460-ed77-40d8-bf1a-0c836c32e232,1f8c0a22-f3fc-4f51-8938-6e1cc6e24f85,video,Ave Maria - Schubert,Performance clássica da famosa peça,https://youtube.com/watch?v=ave_maria_violin,youtube,,,,performance,intermediario,,[],0,6,false,2026-02-13 18:01:39.533249
e8c077a5-fc25-407e-a0d3-24e080af1536,87ee66bf-bb70-4e70-9aa3-4bff514ced4e,video,Primeiros Passos no Violino (rep),Aula básica de como segurar o violino e o arco,https://youtube.com/watch?v=violin_basics,youtube,,,,tutorial,iniciante,,[],0,4,false,2026-02-13 18:01:39.533249
e8cdfcaa-886e-4ba5-9e8f-e0b2c35c8b5c,bee0f63a-e248-4f2c-9325-0a23cb3c5a8e,imagem,Anatomia do Violino,Diagrama educativo das partes do violino,img/violino/anatomia.jpg,upload,,,,,iniciante,,[],0,2,true,2026-02-13 18:01:39.533249
e8ea2cae-fce0-420b-a853-e0d53e4a263f,bc665a4e-e301-44d3-b8bf-decb09422d71,3d,Modelo 3D Violino,Modelo tridimensional interativo do violino,models/violino_3d.glb,upload,,,,,iniciante,,[],0,10,true,2026-02-13 18:01:39.533249
e90300b9-9b96-41fa-a638-87bf9317cd05,1b699036-0f72-4c48-9801-e01f6f25e165,imagem,Postura do Violinista,Demonstração da postura correta para tocar violino,img/violino/postura.jpg,upload,,,,,iniciante,,[],0,3,true,2026-02-13 18:01:39.533249
e92eaacd-32db-4ee7-a15b-52747b006223,0b9c8c6b-0e47-471c-b83b-01c931410692,3d,Modelo 3D Violino (rep),Modelo tridimensional interativo do violino,models/violino_3d.glb,upload,,,,,iniciante,,[],0,10,true,2026-02-13 18:01:39.533249
e9366b4d-2bee-431a-848f-05913a5f37c9,794f42a6-619a-4ca3-8f1b-c3ac7a9e7a08,imagem,Flauta lateral,Vista lateral do instrumento.,/midias/flauta/lateral.jpg,upload,,,,tecnica,iniciante,,"[""estrutura"",""flauta""]",0,0,true,2025-06-15 19:42:58.828009
e945b0b0-5a9a-4740-b918-a5210af79e6a,13912e91-7b48-4a8d-82b7-b59515c2a0d3,imagem,Anatomia do Violino,Diagrama educativo das partes do violino,img/violino/anatomia.jpg,upload,,,,,iniciante,,[],0,2,true,2026-02-13 18:01:39.533249
e96d746c-e09e-40ed-9efc-cf2a48fbd577,86f83611-c0db-470c-87e7-31ee81b1a009,video,Primeiros Passos no Violino,Aula básica de como segurar o violino e o arco,https://youtube.com/watch?v=violin_basics,youtube,,,,tutorial,iniciante,,[],0,4,true,2026-02-13 17:57:36.711969
e9b6c7db-3ff3-4cba-9cf6-923aaa24e692,750450cf-e14e-4f02-944e-b3c1bb0f87a4,imagem,Violino Stradivarius,Violino clássico de luthier famoso mostrando detalhes da madeira,img/violino/stradivarius.jpg,upload,,,,,iniciante,,[],0,1,false,2026-02-13 18:01:39.533249
e9bff666-ad09-4467-b835-6463bf233b2c,412c40b6-f4fc-4379-9d6f-5ce0ec2d669d,imagem,Violoncelo desmontado,Todas as partes separadas.,/midias/violoncelo/desmontado.jpg,upload,,,,tecnica,iniciante,,"[""desmontado"",""violoncelo""]",0,0,true,2025-06-15 19:35:06.847648
e9c9a2ce-9b5c-477c-b629-95f03b9d6f75,13912e91-7b48-4a8d-82b7-b59515c2a0d3,video,Violino no Jazz,Improvisação jazzística no violino,https://youtube.com/watch?v=jazz_violin,youtube,,,,performance,avancado,,[],0,7,true,2026-02-13 17:57:36.711969
e9db8c32-9a93-47d3-8fef-5ad00a498e87,bc665a4e-e301-44d3-b8bf-decb09422d71,video,Primeiros Passos no Violino (rep),Aula básica de como segurar o violino e o arco,https://youtube.com/watch?v=violin_basics,youtube,,,,tutorial,iniciante,,[],0,4,true,2026-02-13 18:01:39.533249
e9e92f18-51be-4076-a81d-e907b58877f7,13912e91-7b48-4a8d-82b7-b59515c2a0d3,video,Violino no Jazz,Improvisação jazzística no violino,https://youtube.com/watch?v=jazz_violin,youtube,,,,performance,avancado,,[],0,7,false,2026-02-13 18:01:39.533249
e9f837f9-a80d-4439-9559-00e3b0205c2e,1b699036-0f72-4c48-9801-e01f6f25e165,imagem,Anatomia do Violino (rep),Diagrama educativo das partes do violino,img/violino/anatomia.jpg,upload,,,,,iniciante,,[],0,2,false,2026-02-13 18:01:39.533249
ea12675d-445a-4c9d-8eea-b42bb0654e0e,df42056c-8a3e-454c-aeca-73b4d608b85c,audio,Concerto Tchaikovsky,Primeiro movimento do famoso concerto,audio/violino/tchaikovsky_concerto.mp3,upload,,,,,avancado,,[],0,8,true,2026-02-13 18:01:39.533249
ea1936f0-fd7f-4aa7-9cca-27b8eb524ef2,df168c2e-275a-44ed-9ee7-af356bf724e5,imagem,Postura do Violinista,Demonstração da postura correta para tocar violino,img/violino/postura.jpg,upload,,,,,iniciante,,[],0,3,true,2026-02-13 17:57:36.711969
ea2bdc1a-a0ca-4355-8d5b-1d3f8d89ce2d,64b94e98-6ad2-4e7f-9aa0-b57f6bb58df1,video,Violino no Jazz,Improvisação jazzística no violino,https://youtube.com/watch?v=jazz_violin,youtube,,,,performance,avancado,,[],0,7,true,2026-02-13 18:01:39.533249
ea3075d2-e1c0-478d-ae4c-848aed2d7ecf,174f6ed4-3c21-444a-acfa-5149f53f2ca0,imagem,Violino Stradivarius,Violino clássico de luthier famoso mostrando detalhes da madeira,img/violino/stradivarius.jpg,upload,,,,,iniciante,,[],0,1,true,2026-02-13 17:57:36.711969
ea354a16-801b-45e0-8a10-63b84639e020,1f8c0a22-f3fc-4f51-8938-6e1cc6e24f85,imagem,Postura do Violinista,Demonstração da postura correta para tocar violino,img/violino/postura.jpg,upload,,,,,iniciante,,[],0,3,true,2026-02-13 17:57:36.711969
ea37a1be-bcd2-4370-98a5-edb2f2950b5c,9b42a23b-ac7f-42e1-8a04-bde4c525fbde,video,Improviso contemporâneo,Improviso no oboé.,https://www.youtube.com/watch?v=oboe8,youtube,,,,performance,avancado,300,"[""improviso"",""oboe""]",0,0,true,2025-06-20 05:15:55.927047
ea881f8a-86a9-4f72-8eb0-be2d917aa808,9edff4db-9ef5-43fc-970a-7d2086de223b,video,Primeiros Passos no Violino,Aula básica de como segurar o violino e o arco,https://youtube.com/watch?v=violin_basics,youtube,,,,tutorial,iniciante,,[],0,4,true,2026-02-13 17:57:36.711969
ea9e3ca0-1501-4b17-91b4-92fa40fd46c6,df168c2e-275a-44ed-9ee7-af356bf724e5,video,Violino no Jazz,Improvisação jazzística no violino,https://youtube.com/watch?v=jazz_violin,youtube,,,,performance,avancado,,[],0,7,true,2026-02-13 18:01:39.533249
eaa370a2-a2ae-460e-a5bb-af0908f76933,36040329-1aa6-428a-ad39-cd85de03493e,3d,Modelo 3D Violino (rep),Modelo tridimensional interativo do violino,models/violino_3d.glb,upload,,,,,iniciante,,[],0,10,true,2026-02-13 18:01:39.533249
eaad4628-765e-4a44-9c9d-4eac0f3f27b3,ac116dcb-4fd4-4ef6-b6fb-f4ff1287bf68,video,Primeiros Passos no Violino (rep),Aula básica de como segurar o violino e o arco,https://youtube.com/watch?v=violin_basics,youtube,,,,tutorial,iniciante,,[],0,4,false,2026-02-13 18:01:39.533249
eabd7449-64b6-41e6-a9ee-b52587064a7c,3957c464-86dc-4aa2-9f09-57b5eb2a6c6a,imagem,Postura do Violinista,Demonstração da postura correta para tocar violino,img/violino/postura.jpg,upload,,,,,iniciante,,[],0,3,true,2026-02-13 18:01:39.533249
eadc14c7-c364-425a-b061-e248f3d573aa,82052c70-0a9d-4d94-873e-3b402e032f55,video,Primeiros Passos no Violino (rep),Aula básica de como segurar o violino e o arco,https://youtube.com/watch?v=violin_basics,youtube,,,,tutorial,iniciante,,[],0,4,true,2026-02-13 18:01:39.533249
eb0d5f77-9307-45c5-a5bf-21d057a0b515,7b6ae164-dfdf-452d-a5c3-d01554861444,video,Violino no Jazz,Improvisação jazzística no violino,https://youtube.com/watch?v=jazz_violin,youtube,,,,performance,avancado,,[],0,7,true,2026-02-13 18:01:39.533249
eb2efe65-79e3-43dd-b3df-7bfc015752f6,a0f53672-7d87-4ab4-a64f-b551fc1a380d,video,Ave Maria - Schubert,Performance clássica da famosa peça,https://youtube.com/watch?v=ave_maria_violin,youtube,,,,performance,intermediario,,[],0,6,false,2026-02-13 18:01:39.533249
eb3ee4b6-5adf-4f51-b1e7-916df690fdab,8fbba87d-39e1-4542-b8bb-7c815fdc2b9a,3d,Modelo 3D Violino,Modelo tridimensional interativo do violino,models/violino_3d.glb,upload,,,,,iniciante,,[],0,10,true,2026-02-13 17:57:36.711969
eb67c2f5-7add-4e84-b3a4-743bc8dec186,e54b748d-3b1b-48ba-b65e-ec1e476e94ad,audio,Capricho Paganini,Capricho nº 24 de Paganini,audio/violino/paganini_caprice.mp3,upload,,,,,avancado,,[],0,9,false,2026-02-13 18:01:39.533249
eb8710cd-4997-4930-812c-c02b4db8f15b,96b547b5-e685-40f8-952c-9dfce2ad4dc6,video,Ave Maria - Schubert,Performance clássica da famosa peça,https://youtube.com/watch?v=ave_maria_violin,youtube,,,,performance,intermediario,,[],0,6,false,2026-02-13 18:01:39.533249
ebac863c-3263-4626-a033-04c719871e59,850c53c4-2ed6-4a12-a4ff-3fbaecd6bf73,video,Harmônicos,Uso de harmônicos.,https://www.youtube.com/watch?v=trombone9,youtube,,,,tecnica,intermediario,240,"[""harmonicos"",""trombone""]",0,0,true,2025-06-20 13:43:29.669569
ebc9ea8b-1ec7-4894-8a35-77b637bd39b2,8ddb4eea-18b9-4b8f-bb85-16a1f5474f87,imagem,Postura do Violinista (rep),Demonstração da postura correta para tocar violino,img/violino/postura.jpg,upload,,,,,iniciante,,[],0,3,true,2026-02-13 18:01:39.533249
ebcde528-8633-4478-b022-b6fdf7da686d,4bc1c064-fa97-43f5-b6d7-d466ca66635d,video,Ave Maria - Schubert (rep),Performance clássica da famosa peça,https://youtube.com/watch?v=ave_maria_violin,youtube,,,,performance,intermediario,,[],0,6,true,2026-02-13 18:01:39.533249
ebe00741-9761-45ca-8f0a-b6af0030166b,0b9c8c6b-0e47-471c-b83b-01c931410692,audio,Concerto Tchaikovsky,Primeiro movimento do famoso concerto,audio/violino/tchaikovsky_concerto.mp3,upload,,,,,avancado,,[],0,8,true,2026-02-13 18:01:39.533249
ebf4803b-5f6b-440e-aeb9-2033754311b2,492f792b-8d0c-46b7-a195-c8c32114696d,video,Técnica de Vibrato (rep),Demonstração da técnica de vibrato no violino,https://youtube.com/watch?v=violin_vibrato,youtube,,,,tutorial,avancado,,[],0,5,true,2026-02-13 18:01:39.533249
ec17acb5-336a-473a-b7f0-2f9831df5ba3,3e02292d-bd2f-46ed-9b9e-a0c8b0acd996,video,Técnica de Vibrato,Demonstração da técnica de vibrato no violino,https://youtube.com/watch?v=violin_vibrato,youtube,,,,tutorial,avancado,,[],0,5,false,2026-02-13 18:01:39.533249
ec421967-3e50-429e-8994-6a6ee5f81e6d,3702e3f9-bc82-42b6-ae32-c770081b3ec2,imagem,Violino Stradivarius,Violino clássico de luthier famoso mostrando detalhes da madeira,img/violino/stradivarius.jpg,upload,,,,,iniciante,,[],0,1,true,2026-02-13 17:57:36.711969
ec43e178-f7db-4e79-b91b-406c72c47960,fb125188-c48e-4d89-a46e-11c3b600dabd,imagem,Anatomia do Violino (rep),Diagrama educativo das partes do violino,img/violino/anatomia.jpg,upload,,,,,iniciante,,[],0,2,false,2026-02-13 18:01:39.533249
ec47decd-f253-42f0-b4cf-ec3ab3e92e50,35da6877-2528-4f37-9ab4-b44893ad1dbf,video,Ave Maria - Schubert,Performance clássica da famosa peça,https://youtube.com/watch?v=ave_maria_violin,youtube,,,,performance,intermediario,,[],0,6,true,2026-02-13 17:57:36.711969
ec4b7655-6378-44a0-aac4-d5cf0922360e,3957c464-86dc-4aa2-9f09-57b5eb2a6c6a,video,Técnica de Vibrato,Demonstração da técnica de vibrato no violino,https://youtube.com/watch?v=violin_vibrato,youtube,,,,tutorial,avancado,,[],0,5,true,2026-02-13 18:01:39.533249
ec5ef1e6-af57-4430-85a8-bf05cf10e9ec,1f8c0a22-f3fc-4f51-8938-6e1cc6e24f85,imagem,Violino Stradivarius,Violino clássico de luthier famoso mostrando detalhes da madeira,img/violino/stradivarius.jpg,upload,,,,,iniciante,,[],0,1,true,2026-02-13 18:01:39.533249
ec8ab542-a03f-4677-94b2-f7b7efcdc129,11a7bc0c-232f-40dc-92ac-4d15aebd2d52,audio,Concerto Tchaikovsky (rep),Primeiro movimento do famoso concerto,audio/violino/tchaikovsky_concerto.mp3,upload,,,,,avancado,,[],0,8,true,2026-02-13 18:01:39.533249
ecdfe48a-24e2-40a9-83ac-94c86ece362a,86f83611-c0db-470c-87e7-31ee81b1a009,3d,Modelo 3D Violino (rep),Modelo tridimensional interativo do violino,models/violino_3d.glb,upload,,,,,iniciante,,[],0,10,true,2026-02-13 18:01:39.533249
ece3fdc3-b8de-4f48-8c41-8b7dca49aa57,63ebeaeb-be5d-4c26-a5cf-f59b71423401,audio,Capricho Paganini,Capricho nº 24 de Paganini,audio/violino/paganini_caprice.mp3,upload,,,,,avancado,,[],0,9,true,2026-02-13 17:57:36.711969
ece7fd22-b33d-4041-bf0b-db64fa0db97e,56e32061-7ed6-495d-9bc1-00cdb345b02e,video,Técnica de Vibrato,Demonstração da técnica de vibrato no violino,https://youtube.com/watch?v=violin_vibrato,youtube,,,,tutorial,avancado,,[],0,5,true,2026-02-13 18:01:39.533249
ed0728c3-f66d-4583-8f46-bb8f64ff3246,3e02292d-bd2f-46ed-9b9e-a0c8b0acd996,audio,Capricho Paganini (rep),Capricho nº 24 de Paganini,audio/violino/paganini_caprice.mp3,upload,,,,,avancado,,[],0,9,true,2026-02-13 18:01:39.533249
ed1357d8-ac5a-4920-9382-e39b78b7e87b,174f6ed4-3c21-444a-acfa-5149f53f2ca0,video,Violino no Jazz,Improvisação jazzística no violino,https://youtube.com/watch?v=jazz_violin,youtube,,,,performance,avancado,,[],0,7,true,2026-02-13 17:57:36.711969
ed565b4e-ddc8-4248-ad4a-f16d3ce39159,92ecdeff-3480-4f27-85cd-86f12622cf9f,video,Violino no Jazz,Improvisação jazzística no violino,https://youtube.com/watch?v=jazz_violin,youtube,,,,performance,avancado,,[],0,7,true,2026-02-13 18:01:39.533249
ed82cf63-7317-4241-b851-b6a7b079b242,850c53c4-2ed6-4a12-a4ff-3fbaecd6bf73,imagem,Vara do trombone,Detalhe da vara deslizante.,/midias/trombone/vara.jpg,upload,,,,tecnica,iniciante,,"[""vara"",""trombone""]",0,0,true,2025-06-20 13:43:29.669569
ed8be8ac-45cf-469c-a814-2891a30fee48,63ebeaeb-be5d-4c26-a5cf-f59b71423401,imagem,Postura do Violinista (rep),Demonstração da postura correta para tocar violino,img/violino/postura.jpg,upload,,,,,iniciante,,[],0,3,false,2026-02-13 18:01:39.533249
ed8f3b6d-e42e-4e59-af7f-2261db2cad41,64b94e98-6ad2-4e7f-9aa0-b57f6bb58df1,video,Primeiros Passos no Violino,Aula básica de como segurar o violino e o arco,https://youtube.com/watch?v=violin_basics,youtube,,,,tutorial,iniciante,,[],0,4,true,2026-02-13 18:01:39.533249
edccc798-8325-4edf-9ea3-c88c623d7bc6,35da6877-2528-4f37-9ab4-b44893ad1dbf,imagem,Violino Stradivarius (rep),Violino clássico de luthier famoso mostrando detalhes da madeira,img/violino/stradivarius.jpg,upload,,,,,iniciante,,[],0,1,true,2026-02-13 18:01:39.533249
edd4beff-3bc3-4bd2-a67d-d968b4edbfe2,a0f53672-7d87-4ab4-a64f-b551fc1a380d,video,Violino no Jazz (rep),Improvisação jazzística no violino,https://youtube.com/watch?v=jazz_violin,youtube,,,,performance,avancado,,[],0,7,true,2026-02-13 18:01:39.533249
edd6d8db-f5e2-4a8e-804c-94ad936f135d,bee0f63a-e248-4f2c-9325-0a23cb3c5a8e,imagem,Postura do Violinista,Demonstração da postura correta para tocar violino,img/violino/postura.jpg,upload,,,,,iniciante,,[],0,3,true,2026-02-13 17:57:36.711969
edf493d3-afeb-4d10-86a4-fbb502246802,56e32061-7ed6-495d-9bc1-00cdb345b02e,video,Primeiros Passos no Violino,Aula básica de como segurar o violino e o arco,https://youtube.com/watch?v=violin_basics,youtube,,,,tutorial,iniciante,,[],0,4,true,2026-02-13 18:01:39.533249
ee00d1ff-8807-4013-9656-040d2dfa7b4a,36b9d36d-f65b-4ba1-89be-4ab3707e874c,video,Solo barroco,Fagote solo em peça barroca.,https://www.youtube.com/watch?v=fagote7,youtube,,,,performance,avancado,300,"[""solo"",""fagote""]",0,0,true,2025-06-20 02:48:24.932103
ee0be673-1dd5-4531-a8f6-9ae4caa8d47d,b73f1d80-3d73-487e-89b8-ab35274a8dd4,video,Glissando,Execução de glissando.,https://www.youtube.com/watch?v=contrabaixo5,youtube,,,,tecnica,intermediario,180,"[""glissando"",""contrabaixo""]",0,0,true,2025-06-16 05:28:34.120792
ee198cd6-0040-4869-8cf3-52fc761535f1,9a5e0eac-114e-4173-90af-32b55c870675,imagem,Anatomia do Violino,Diagrama educativo das partes do violino,img/violino/anatomia.jpg,upload,,,,,iniciante,,[],0,2,false,2026-02-13 18:01:39.533249
ee528444-4a4e-4162-a897-0ef2ad8778f0,57d10b2f-c49f-460d-8fab-3da3065c15c2,audio,Concerto Tchaikovsky,Primeiro movimento do famoso concerto,audio/violino/tchaikovsky_concerto.mp3,upload,,,,,avancado,,[],0,8,true,2026-02-13 18:01:39.533249
ee68b4ef-7b49-4886-8a56-9c07c1aa7565,9c3a903d-8750-4ded-9341-c876a6d6de93,imagem,Violino Stradivarius,Violino clássico de luthier famoso mostrando detalhes da madeira,img/violino/stradivarius.jpg,upload,,,,,iniciante,,[],0,1,true,2026-02-13 18:01:39.533249
ee7d690e-758b-4648-ac70-d33f39169eba,82052c70-0a9d-4d94-873e-3b402e032f55,3d,Modelo 3D Violino,Modelo tridimensional interativo do violino,models/violino_3d.glb,upload,,,,,iniciante,,[],0,10,true,2026-02-13 17:57:36.711969
ee809ff7-573d-4772-813b-be3878bff0b3,96b547b5-e685-40f8-952c-9dfce2ad4dc6,audio,Capricho Paganini (rep),Capricho nº 24 de Paganini,audio/violino/paganini_caprice.mp3,upload,,,,,avancado,,[],0,9,true,2026-02-13 18:01:39.533249
ee8336c3-6fec-475b-8983-1eb751acab8e,bee0f63a-e248-4f2c-9325-0a23cb3c5a8e,3d,Modelo 3D Violino,Modelo tridimensional interativo do violino,models/violino_3d.glb,upload,,,,,iniciante,,[],0,10,true,2026-02-13 18:01:39.533249
eee2b817-2e81-4b5b-8b6b-c5588e46641c,87ee66bf-bb70-4e70-9aa3-4bff514ced4e,video,Primeiros Passos no Violino,Aula básica de como segurar o violino e o arco,https://youtube.com/watch?v=violin_basics,youtube,,,,tutorial,iniciante,,[],0,4,true,2026-02-13 17:57:36.711969
eee3aefc-8e55-4fb5-9231-0a438aa167fd,ee709f67-e4e4-4f9c-9001-7574e4d8dfa0,imagem,Anatomia do Violino,Diagrama educativo das partes do violino,img/violino/anatomia.jpg,upload,,,,,iniciante,,[],0,2,true,2026-02-13 17:57:36.711969
eef001e7-0ce0-4d91-aa9e-32cbeb8c4d73,ac116dcb-4fd4-4ef6-b6fb-f4ff1287bf68,3d,Modelo 3D Violino,Modelo tridimensional interativo do violino,models/violino_3d.glb,upload,,,,,iniciante,,[],0,10,true,2026-02-13 18:01:39.533249
ef215849-0122-4402-83c0-4c4cc62d32af,9a5e0eac-114e-4173-90af-32b55c870675,imagem,Violino Stradivarius,Violino clássico de luthier famoso mostrando detalhes da madeira,img/violino/stradivarius.jpg,upload,,,,,iniciante,,[],0,1,false,2026-02-13 18:01:39.533249
ef492f31-d279-43bc-ac17-5e8f38b4c48a,4d78c5a4-04bf-452d-b326-83e7c72c10ef,video,Técnica de Vibrato,Demonstração da técnica de vibrato no violino,https://youtube.com/watch?v=violin_vibrato,youtube,,,,tutorial,avancado,,[],0,5,false,2026-02-13 18:01:39.533249
ef621834-91c7-4a8f-b0f9-7707c1b49ee0,8fbba87d-39e1-4542-b8bb-7c815fdc2b9a,audio,Capricho Paganini (rep),Capricho nº 24 de Paganini,audio/violino/paganini_caprice.mp3,upload,,,,,avancado,,[],0,9,true,2026-02-13 18:01:39.533249
ef74ab03-dbd8-42a8-89c4-10085d03654c,bee0f63a-e248-4f2c-9325-0a23cb3c5a8e,audio,Concerto Tchaikovsky (rep),Primeiro movimento do famoso concerto,audio/violino/tchaikovsky_concerto.mp3,upload,,,,,avancado,,[],0,8,true,2026-02-13 18:01:39.533249
ef78f3b8-1145-4560-ba44-fc241a799bae,6b11dc1a-295f-4458-9c08-2bcec09ff3ec,audio,Capricho Paganini,Capricho nº 24 de Paganini,audio/violino/paganini_caprice.mp3,upload,,,,,avancado,,[],0,9,true,2026-02-13 17:57:36.711969
ef7b3717-00e3-4eeb-8100-99d9bb1f3979,8ddb4eea-18b9-4b8f-bb85-16a1f5474f87,audio,Concerto Tchaikovsky,Primeiro movimento do famoso concerto,audio/violino/tchaikovsky_concerto.mp3,upload,,,,,avancado,,[],0,8,true,2026-02-13 17:57:36.711969
ef7f085b-3e61-4cc8-9b22-9ea6be67f12a,4445b5c9-dcdf-4dd3-8ce6-bb04a22127ce,video,Técnica de Vibrato,Demonstração da técnica de vibrato no violino,https://youtube.com/watch?v=violin_vibrato,youtube,,,,tutorial,avancado,,[],0,5,true,2026-02-13 18:01:39.533249
efcb35ca-86b0-4c7c-a1c1-ab96fdc32a4f,f8653cdb-e2e7-479a-bfff-c8643859b866,imagem,Violino Stradivarius,Violino clássico de luthier famoso mostrando detalhes da madeira,img/violino/stradivarius.jpg,upload,,,,,iniciante,,[],0,1,true,2026-02-13 18:01:39.533249
efefc7e7-46ce-4b76-9691-70e22986aa66,df49fd27-9bcd-4462-a0f8-b36f0ff9f97f,video,Sweet Child O Mine - Solo,Performance icônica do solo do Guns N Roses,https://youtube.com/watch?v=sweet_child_solo,youtube,,,,performance,avancado,,[],0,6,true,2025-06-09 04:27:22.284765
effcf3f4-af5c-46ca-9270-6ae465878308,509d6a26-159a-4976-aa46-83f914f930aa,audio,Escala de Dó maior,Execução da escala.,/midias/trompete/escala_do.mp3,upload,,,,tecnica,iniciante,60,"[""escala"",""trompete""]",0,0,true,2025-06-16 04:03:06.911381
f0216f50-4bf2-40e0-ba2e-7ac410186cdb,ee709f67-e4e4-4f9c-9001-7574e4d8dfa0,audio,Capricho Paganini,Capricho nº 24 de Paganini,audio/violino/paganini_caprice.mp3,upload,,,,,avancado,,[],0,9,true,2026-02-13 17:57:36.711969
f02933b0-6ebb-4dd2-9451-624a11aba9f9,df49fd27-9bcd-4462-a0f8-b36f0ff9f97f,imagem,Setup e Postura,Posição correta para tocar guitarra em pé e sentado,img/guitarra/postura.jpg,upload,,,,,iniciante,,[],0,3,true,2025-06-09 04:29:36.307529
f04fcfa9-d6b2-4722-9446-8a8e6cf48c30,4d78c5a4-04bf-452d-b326-83e7c72c10ef,imagem,Postura do Violinista,Demonstração da postura correta para tocar violino,img/violino/postura.jpg,upload,,,,,iniciante,,[],0,3,false,2026-02-13 18:01:39.533249
f08305af-63f7-4541-8b58-b41d74597b2d,8ddb4eea-18b9-4b8f-bb85-16a1f5474f87,audio,Concerto Tchaikovsky,Primeiro movimento do famoso concerto,audio/violino/tchaikovsky_concerto.mp3,upload,,,,,avancado,,[],0,8,false,2026-02-13 18:01:39.533249
f095963e-a95f-43a5-b3fe-0b95a57cdbc7,92ecdeff-3480-4f27-85cd-86f12622cf9f,video,Ave Maria - Schubert (rep),Performance clássica da famosa peça,https://youtube.com/watch?v=ave_maria_violin,youtube,,,,performance,intermediario,,[],0,6,false,2026-02-13 18:01:39.533249
f0a08561-47dc-4ef0-97be-d744186b5087,3e02292d-bd2f-46ed-9b9e-a0c8b0acd996,video,Primeiros Passos no Violino (rep),Aula básica de como segurar o violino e o arco,https://youtube.com/watch?v=violin_basics,youtube,,,,tutorial,iniciante,,[],0,4,true,2026-02-13 18:01:39.533249
f0a0863b-9f38-4e4a-9646-92718b71abc6,92ecdeff-3480-4f27-85cd-86f12622cf9f,video,Primeiros Passos no Violino,Aula básica de como segurar o violino e o arco,https://youtube.com/watch?v=violin_basics,youtube,,,,tutorial,iniciante,,[],0,4,true,2026-02-13 17:57:36.711969
f0e804ae-1130-46c5-8458-24da9209f05a,8ddb4eea-18b9-4b8f-bb85-16a1f5474f87,imagem,Violino Stradivarius (rep),Violino clássico de luthier famoso mostrando detalhes da madeira,img/violino/stradivarius.jpg,upload,,,,,iniciante,,[],0,1,true,2026-02-13 18:01:39.533249
f0ed7470-d479-4ad1-af7d-c1679d311bca,4c61dc18-2b1e-48c8-8a2e-2c730679d4a5,audio,Concerto Tchaikovsky,Primeiro movimento do famoso concerto,audio/violino/tchaikovsky_concerto.mp3,upload,,,,,avancado,,[],0,8,true,2026-02-13 18:01:39.533249
f0f043b0-668d-43ad-bfd9-db3716518c12,56f643e0-a3e2-4067-84ac-334c454426f8,3d,Modelo 3D Violino,Modelo tridimensional interativo do violino,models/violino_3d.glb,upload,,,,,iniciante,,[],0,10,true,2026-02-13 18:01:39.533249
f11a29c8-9a0f-460d-a95e-253841d7eff5,2abbd218-b737-410e-934b-f9c8f3d2b806,video,Primeiros Passos no Violino,Aula básica de como segurar o violino e o arco,https://youtube.com/watch?v=violin_basics,youtube,,,,tutorial,iniciante,,[],0,4,true,2026-02-13 18:01:39.533249
f11e7b88-8d4d-4c8f-b92d-b34a866702f1,87ee66bf-bb70-4e70-9aa3-4bff514ced4e,imagem,Postura do Violinista,Demonstração da postura correta para tocar violino,img/violino/postura.jpg,upload,,,,,iniciante,,[],0,3,true,2026-02-13 18:01:39.533249
f1271cd6-5fef-4bd3-b9bf-185b07d259d2,0e52514e-58c3-463a-a6e4-f71a1439f9b7,video,Primeiros Passos no Violino (rep),Aula básica de como segurar o violino e o arco,https://youtube.com/watch?v=violin_basics,youtube,,,,tutorial,iniciante,,[],0,4,true,2026-02-13 18:01:39.533249
f131a72a-da0f-4503-aabe-33282e5341da,13912e91-7b48-4a8d-82b7-b59515c2a0d3,audio,Concerto Tchaikovsky,Primeiro movimento do famoso concerto,audio/violino/tchaikovsky_concerto.mp3,upload,,,,,avancado,,[],0,8,true,2026-02-13 17:57:36.711969
f14f11ac-2b16-4f2b-b682-3a17003a0a08,3702e3f9-bc82-42b6-ae32-c770081b3ec2,imagem,Postura do Violinista,Demonstração da postura correta para tocar violino,img/violino/postura.jpg,upload,,,,,iniciante,,[],0,3,true,2026-02-13 17:57:36.711969
f150a71c-076c-4dae-959a-b1e49b6b079f,bee0f63a-e248-4f2c-9325-0a23cb3c5a8e,audio,Capricho Paganini,Capricho nº 24 de Paganini,audio/violino/paganini_caprice.mp3,upload,,,,,avancado,,[],0,9,true,2026-02-13 18:01:39.533249
f15f4375-7764-4270-b906-23c28a72f9cf,56e32061-7ed6-495d-9bc1-00cdb345b02e,3d,Modelo 3D Violino,Modelo tridimensional interativo do violino,models/violino_3d.glb,upload,,,,,iniciante,,[],0,10,true,2026-02-13 18:01:39.533249
f17ceefd-d4ca-4f73-a3f1-18720fd547a6,80436b4f-15c1-452f-9442-34e42b5117e4,3d,Modelo 3D Violino (rep),Modelo tridimensional interativo do violino,models/violino_3d.glb,upload,,,,,iniciante,,[],0,10,true,2026-02-13 18:01:31.997858
f18c1b7b-c586-4b01-8761-43127847ca90,9edff4db-9ef5-43fc-970a-7d2086de223b,video,Ave Maria - Schubert,Performance clássica da famosa peça,https://youtube.com/watch?v=ave_maria_violin,youtube,,,,performance,intermediario,,[],0,6,false,2026-02-13 18:01:39.533249
f191452c-89d2-4ace-b234-939d3d09b2fe,b73f1d80-3d73-487e-89b8-ab35274a8dd4,audio,Glissando,Exemplo glissando.,/midias/contrabaixo/glissando.mp3,upload,,,,tecnica,intermediario,60,"[""glissando"",""contrabaixo""]",0,0,true,2025-06-16 05:28:34.120792
f1a5969d-b41c-4bc3-8663-57267e8ed52a,0b9c8c6b-0e47-471c-b83b-01c931410692,video,Primeiros Passos no Violino (rep),Aula básica de como segurar o violino e o arco,https://youtube.com/watch?v=violin_basics,youtube,,,,tutorial,iniciante,,[],0,4,true,2026-02-13 18:01:39.533249
f1af7bd5-1e0c-4372-9124-c1079c499199,412c40b6-f4fc-4379-9d6f-5ce0ec2d669d,audio,Harmônico,Exemplo de harmônico.,/midias/violoncelo/harmonico.mp3,upload,,,,tecnica,intermediario,60,"[""harmonico"",""violoncelo""]",0,0,true,2025-06-15 19:35:06.847648
f1b744f1-ae7d-46c0-b047-0f7f20dd801d,7b6ae164-dfdf-452d-a5c3-d01554861444,imagem,Postura do Violinista,Demonstração da postura correta para tocar violino,img/violino/postura.jpg,upload,,,,,iniciante,,[],0,3,true,2026-02-13 18:01:39.533249
f1c6d23a-3b77-4a62-bb28-8b20b287ed8b,8fbba87d-39e1-4542-b8bb-7c815fdc2b9a,video,Primeiros Passos no Violino,Aula básica de como segurar o violino e o arco,https://youtube.com/watch?v=violin_basics,youtube,,,,tutorial,iniciante,,[],0,4,false,2026-02-13 18:01:39.533249
f1cf8831-877e-4e3a-8f90-d825cb04d88f,fb125188-c48e-4d89-a46e-11c3b600dabd,imagem,Anatomia do Violino,Diagrama educativo das partes do violino,img/violino/anatomia.jpg,upload,,,,,iniciante,,[],0,2,true,2026-02-13 17:57:36.711969
f1ea518b-d3c7-48ad-b00d-6cbc3901faf5,b73f1d80-3d73-487e-89b8-ab35274a8dd4,audio,Walking,Walking bass.,/midias/contrabaixo/walking.mp3,upload,,,,tecnica,intermediario,60,"[""walking"",""contrabaixo""]",0,0,true,2025-06-16 05:28:34.120792
f1f17c0e-c01a-4287-b80f-2c2ff5ca14b6,ac116dcb-4fd4-4ef6-b6fb-f4ff1287bf68,video,Primeiros Passos no Violino,Aula básica de como segurar o violino e o arco,https://youtube.com/watch?v=violin_basics,youtube,,,,tutorial,iniciante,,[],0,4,true,2026-02-13 17:57:36.711969
f1f82649-a0a8-4a6d-8ee7-29c6bfb09ff8,3957c464-86dc-4aa2-9f09-57b5eb2a6c6a,video,Técnica de Vibrato,Demonstração da técnica de vibrato no violino,https://youtube.com/watch?v=violin_vibrato,youtube,,,,tutorial,avancado,,[],0,5,true,2026-02-13 18:01:39.533249
f1fac0fd-e62a-40db-a8f9-15b67bd84499,492f792b-8d0c-46b7-a195-c8c32114696d,imagem,Violino Stradivarius (rep),Violino clássico de luthier famoso mostrando detalhes da madeira,img/violino/stradivarius.jpg,upload,,,,,iniciante,,[],0,1,true,2026-02-13 18:01:39.533249
f2054eed-e3ef-4c81-ad45-aa1111ff57f1,cca87ab1-8ad4-4876-a8d8-190f85927952,imagem,Violino Stradivarius,Violino clássico de luthier famoso mostrando detalhes da madeira,img/violino/stradivarius.jpg,upload,,,,,iniciante,,[],0,1,false,2026-02-13 18:01:39.533249
f21b4b0a-aa51-439d-a2c0-4346b7839c65,92ecdeff-3480-4f27-85cd-86f12622cf9f,imagem,Postura do Violinista,Demonstração da postura correta para tocar violino,img/violino/postura.jpg,upload,,,,,iniciante,,[],0,3,true,2026-02-13 18:01:39.533249
f23448b5-a57e-4993-a933-8152bf32d50d,ab9720a5-1973-484e-9a44-d4aa62594336,audio,Exercícios de Hanon,Exercícios técnicos para desenvolvimento digital,/audio/piano/hanon_exercicios.mp3,upload,,,,tecnica,intermediario,180,"[""hanon"",""tecnica"",""exercicios""]",0,0,true,2025-06-08 15:24:29.575428
f2500b98-938f-4d88-b0b2-7624711bf713,56f643e0-a3e2-4067-84ac-334c454426f8,imagem,Postura do Violinista,Demonstração da postura correta para tocar violino,img/violino/postura.jpg,upload,,,,,iniciante,,[],0,3,true,2026-02-13 17:57:36.711969
f25fe65a-46d8-4389-9daa-041cd1154827,bee0f63a-e248-4f2c-9325-0a23cb3c5a8e,imagem,Violino Stradivarius,Violino clássico de luthier famoso mostrando detalhes da madeira,img/violino/stradivarius.jpg,upload,,,,,iniciante,,[],0,1,true,2026-02-13 18:01:39.533249
f283db79-0e9c-4e1d-978d-9c0bb1a4c1cc,92ecdeff-3480-4f27-85cd-86f12622cf9f,imagem,Postura do Violinista (rep),Demonstração da postura correta para tocar violino,img/violino/postura.jpg,upload,,,,,iniciante,,[],0,3,false,2026-02-13 18:01:39.533249
f2ad55ff-d9db-43c7-9101-04e33c283fc1,36b9d36d-f65b-4ba1-89be-4ab3707e874c,video,Orquestra sinfônica,Fagote na orquestra.,https://www.youtube.com/watch?v=fagote5,youtube,,,,performance,intermediario,600,"[""orquestra"",""fagote""]",0,0,true,2025-06-20 02:48:24.932103
f2c09d47-ffa6-4361-8128-74259d41e01d,f8653cdb-e2e7-479a-bfff-c8643859b866,3d,Modelo 3D Violino,Modelo tridimensional interativo do violino,models/violino_3d.glb,upload,,,,,iniciante,,[],0,10,true,2026-02-13 18:01:39.533249
f2c47e4a-56bc-4cdc-9da8-ea8d44ee7957,1b699036-0f72-4c48-9801-e01f6f25e165,video,Primeiros Passos no Violino (rep),Aula básica de como segurar o violino e o arco,https://youtube.com/watch?v=violin_basics,youtube,,,,tutorial,iniciante,,[],0,4,false,2026-02-13 18:01:39.533249
f2d9d296-f6f5-42e2-a7e8-27c37708a67a,8fbba87d-39e1-4542-b8bb-7c815fdc2b9a,video,Primeiros Passos no Violino,Aula básica de como segurar o violino e o arco,https://youtube.com/watch?v=violin_basics,youtube,,,,tutorial,iniciante,,[],0,4,true,2026-02-13 17:57:36.711969
f32cb7ce-88df-4dc6-8e75-e28a7f2094c2,4d78c5a4-04bf-452d-b326-83e7c72c10ef,audio,Capricho Paganini,Capricho nº 24 de Paganini,audio/violino/paganini_caprice.mp3,upload,,,,,avancado,,[],0,9,true,2026-02-13 17:57:36.711969
f38e472a-20b3-4e7a-aedb-a885d3166f19,1b699036-0f72-4c48-9801-e01f6f25e165,audio,Concerto Tchaikovsky,Primeiro movimento do famoso concerto,audio/violino/tchaikovsky_concerto.mp3,upload,,,,,avancado,,[],0,8,true,2026-02-13 18:01:39.533249
f3950197-f3d2-4d43-a0f4-6c2d07c5a7f1,56f643e0-a3e2-4067-84ac-334c454426f8,video,Ave Maria - Schubert,Performance clássica da famosa peça,https://youtube.com/watch?v=ave_maria_violin,youtube,,,,performance,intermediario,,[],0,6,true,2026-02-13 18:01:39.533249
f3a352e0-b320-45fc-b1d0-a539a92685ae,ab9720a5-1973-484e-9a44-d4aa62594336,video,Primeiras Escalas no Piano,Escalas de Dó Maior com dedilhado correto,https://youtube.com/watch?v=escalas_piano,youtube,,,,demonstracao,iniciante,600,"[""escalas"",""dedilhado"",""iniciante""]",0,0,true,2025-06-08 18:57:54.942465
f3a8da12-3fa5-4080-9e1f-fbd7a8e7e974,26cadf44-6d7b-4f9b-85d6-6b2c40715f45,audio,Harmônico,Exemplo de harmônico.,/midias/saxofone/harmonico.mp3,upload,,,,tecnica,intermediario,60,"[""harmonico"",""saxofone""]",0,0,false,2025-06-16 00:57:47.581967
f3c7c0a0-4732-4ff5-af80-ba1984db5c25,d7c80fe1-ab43-4920-b2aa-d9b4f3ace166,audio,Vibrato,Exemplo de vibrato,/midias/clarinete/vibrato.mp3,upload,,,,tecnica,intermediario,30,"[""vibrato"",""clarinete""]",0,0,false,2025-06-15 19:19:49.258132
f3ebf9ff-7547-4f0f-9050-cfd305d98d20,87ee66bf-bb70-4e70-9aa3-4bff514ced4e,imagem,Violino Stradivarius (rep),Violino clássico de luthier famoso mostrando detalhes da madeira,img/violino/stradivarius.jpg,upload,,,,,iniciante,,[],0,1,false,2026-02-13 18:01:39.533249
f4148a1b-3df9-43ce-92aa-fb6ae5c35277,96b547b5-e685-40f8-952c-9dfce2ad4dc6,audio,Capricho Paganini,Capricho nº 24 de Paganini,audio/violino/paganini_caprice.mp3,upload,,,,,avancado,,[],0,9,true,2026-02-13 18:01:39.533249
f46f279e-f94b-4e27-899e-15876c0ccd6b,11a7bc0c-232f-40dc-92ac-4d15aebd2d52,video,Técnica de Vibrato,Demonstração da técnica de vibrato no violino,https://youtube.com/watch?v=violin_vibrato,youtube,,,,tutorial,avancado,,[],0,5,true,2026-02-13 17:57:36.711969
f473c95a-79bf-4be0-a1a7-79a937357d27,35da6877-2528-4f37-9ab4-b44893ad1dbf,audio,Concerto Tchaikovsky,Primeiro movimento do famoso concerto,audio/violino/tchaikovsky_concerto.mp3,upload,,,,,avancado,,[],0,8,true,2026-02-13 17:57:36.711969
f481842b-26e2-45a6-b632-85413771c79c,174f6ed4-3c21-444a-acfa-5149f53f2ca0,audio,Capricho Paganini (rep),Capricho nº 24 de Paganini,audio/violino/paganini_caprice.mp3,upload,,,,,avancado,,[],0,9,true,2026-02-13 18:01:39.533249
f482229e-25d1-4267-9a63-b230c85864a9,412c40b6-f4fc-4379-9d6f-5ce0ec2d669d,video,História do violoncelo,Documentário.,https://www.youtube.com/watch?v=violoncelo8,youtube,,,,historia,iniciante,420,"[""historia"",""violoncelo""]",0,0,true,2025-06-15 19:35:06.847648
f488e698-0e04-4c3c-b610-f65b45191ed7,a0f53672-7d87-4ab4-a64f-b551fc1a380d,video,Técnica de Vibrato,Demonstração da técnica de vibrato no violino,https://youtube.com/watch?v=violin_vibrato,youtube,,,,tutorial,avancado,,[],0,5,true,2026-02-13 18:01:39.533249
f4a58558-971e-4c2e-b74f-4125232e4206,0e52514e-58c3-463a-a6e4-f71a1439f9b7,imagem,Postura do Violinista,Demonstração da postura correta para tocar violino,img/violino/postura.jpg,upload,,,,,iniciante,,[],0,3,true,2026-02-13 17:57:36.711969
f4abb709-e515-44db-8f9a-a7277a44518a,e48ad87b-d237-45e4-a707-05374c4240fa,imagem,Violino Stradivarius,Violino clássico de luthier famoso mostrando detalhes da madeira,img/violino/stradivarius.jpg,upload,,,,,iniciante,,[],0,1,true,2026-02-13 18:01:39.533249
f4b559b9-af90-4f1e-a42c-d135ee4dea58,8ddb4eea-18b9-4b8f-bb85-16a1f5474f87,video,Técnica de Vibrato,Demonstração da técnica de vibrato no violino,https://youtube.com/watch?v=violin_vibrato,youtube,,,,tutorial,avancado,,[],0,5,true,2026-02-13 18:01:39.533249
f4ba0726-4e3d-454f-bd25-40fe31ce7a19,36b9d36d-f65b-4ba1-89be-4ab3707e874c,audio,Staccato,Execução staccato.,/midias/fagote/staccato.mp3,upload,,,,tecnica,iniciante,60,"[""staccato"",""fagote""]",0,0,true,2025-06-20 02:48:24.932103
f4f64ee9-f2f1-4162-b52b-8a13051a14a1,35aff373-706c-47d8-8004-d8edcddb1e0c,audio,Solo,Trecho solo.,/midias/baixo/solo.mp3,upload,,,,performance,avancado,180,"[""solo"",""baixo""]",0,0,true,2025-06-16 04:38:10.049188
f51a3b8a-3bed-4ed6-ad25-d578e1eb99a1,750450cf-e14e-4f02-944e-b3c1bb0f87a4,audio,Concerto Tchaikovsky,Primeiro movimento do famoso concerto,audio/violino/tchaikovsky_concerto.mp3,upload,,,,,avancado,,[],0,8,false,2026-02-13 18:01:39.533249
f5209528-a3fc-4cd5-b832-4fdd61390093,509d6a26-159a-4976-aa46-83f914f930aa,3d,Modelo 3D Violino,Modelo tridimensional interativo do violino,models/violino_3d.glb,upload,,,,,iniciante,,[],0,10,true,2026-02-13 18:01:39.533249
f55be8d8-ad84-43cf-91ac-062c9abda4cc,9a5e0eac-114e-4173-90af-32b55c870675,video,Violino no Jazz,Improvisação jazzística no violino,https://youtube.com/watch?v=jazz_violin,youtube,,,,performance,avancado,,[],0,7,true,2026-02-13 17:57:36.711969
f56ad118-2f9b-47f1-a112-f125cceba0af,bc665a4e-e301-44d3-b8bf-decb09422d71,video,Violino no Jazz (rep),Improvisação jazzística no violino,https://youtube.com/watch?v=jazz_violin,youtube,,,,performance,avancado,,[],0,7,true,2026-02-13 18:01:39.533249
f571c81a-4258-435a-8f6c-3f51f501a7b3,56f643e0-a3e2-4067-84ac-334c454426f8,video,Violino no Jazz,Improvisação jazzística no violino,https://youtube.com/watch?v=jazz_violin,youtube,,,,performance,avancado,,[],0,7,true,2026-02-13 17:57:36.711969
f5be4607-06ab-481f-95a2-a2d7a3463c4c,9c3a903d-8750-4ded-9341-c876a6d6de93,imagem,Anatomia do Violino,Diagrama educativo das partes do violino,img/violino/anatomia.jpg,upload,,,,,iniciante,,[],0,2,true,2026-02-13 17:57:36.711969
f5fcfda0-9ec8-4143-921a-04f253eb8ed0,9c3a903d-8750-4ded-9341-c876a6d6de93,imagem,Violino Stradivarius (rep),Violino clássico de luthier famoso mostrando detalhes da madeira,img/violino/stradivarius.jpg,upload,,,,,iniciante,,[],0,1,true,2026-02-13 18:01:39.533249
f612c1bb-6419-45d2-8c23-9506735fe69e,a0f53672-7d87-4ab4-a64f-b551fc1a380d,3d,Modelo 3D Violino,Modelo tridimensional interativo do violino,models/violino_3d.glb,upload,,,,,iniciante,,[],0,10,false,2026-02-13 18:01:39.533249
f61a0e9a-7c32-4511-b8ab-17b68b3af41a,3957c464-86dc-4aa2-9f09-57b5eb2a6c6a,video,Primeiros Passos no Violino,Aula básica de como segurar o violino e o arco,https://youtube.com/watch?v=violin_basics,youtube,,,,tutorial,iniciante,,[],0,4,true,2026-02-13 17:57:36.711969
f6318e14-1d37-4071-b94a-bf3e9751a626,d7c80fe1-ab43-4920-b2aa-d9b4f3ace166,imagem,Partes do clarinete,Imagem com partes anotadas,/midias/clarinete/partes.jpg,upload,,,,tecnica,iniciante,,"[""anatomia"",""clarinete""]",0,0,true,2025-06-15 19:19:49.258132
f633a09d-7995-4c1c-b111-96f5dbc1a311,86f83611-c0db-470c-87e7-31ee81b1a009,audio,Concerto Tchaikovsky,Primeiro movimento do famoso concerto,audio/violino/tchaikovsky_concerto.mp3,upload,,,,,avancado,,[],0,8,true,2026-02-13 17:57:36.711969
f65e510c-bdfb-4b17-96fc-518ac2ffab54,4445b5c9-dcdf-4dd3-8ce6-bb04a22127ce,imagem,Postura do Violinista,Demonstração da postura correta para tocar violino,img/violino/postura.jpg,upload,,,,,iniciante,,[],0,3,true,2026-02-13 18:01:39.533249
f66dcfd0-3c34-4968-bf72-8e43d1600fc0,35aff373-706c-47d8-8004-d8edcddb1e0c,imagem,Baixo desmontado,Partes internas do baixo.,/midias/baixo/desmontado.jpg,upload,,,,tecnica,iniciante,,"[""desmontado"",""baixo""]",0,0,true,2025-06-16 04:38:10.049188
f69df8e3-a2b9-430d-b49d-b5213ba966ee,3e02292d-bd2f-46ed-9b9e-a0c8b0acd996,3d,Modelo 3D Violino (rep),Modelo tridimensional interativo do violino,models/violino_3d.glb,upload,,,,,iniciante,,[],0,10,true,2026-02-13 18:01:39.533249
f6c3ede5-9dee-4a69-a3d1-f7817e530345,56f643e0-a3e2-4067-84ac-334c454426f8,imagem,Anatomia do Violino,Diagrama educativo das partes do violino,img/violino/anatomia.jpg,upload,,,,,iniciante,,[],0,2,true,2026-02-13 18:01:39.533249
f6c66604-2169-463a-b54e-777bea59a0f6,c75fe646-ff86-4420-98f0-a0f25d39de45,video,Primeiros Passos no Violino,Aula básica de como segurar o violino e o arco,https://youtube.com/watch?v=violin_basics,youtube,,,,tutorial,iniciante,,[],0,4,true,2026-02-13 18:01:39.533249
f6e8be30-b318-4d4b-864a-2b9a9773ac68,4c61dc18-2b1e-48c8-8a2e-2c730679d4a5,video,Primeiros Passos no Violino,Aula básica de como segurar o violino e o arco,https://youtube.com/watch?v=violin_basics,youtube,,,,tutorial,iniciante,,[],0,4,true,2026-02-13 18:01:39.533249
f6f02537-b047-4973-b905-863e00e220ef,f8653cdb-e2e7-479a-bfff-c8643859b866,video,Violino no Jazz,Improvisação jazzística no violino,https://youtube.com/watch?v=jazz_violin,youtube,,,,performance,avancado,,[],0,7,true,2026-02-13 17:57:36.711969
f6fbbc12-e08f-450e-aec6-19dfca336e5c,56e32061-7ed6-495d-9bc1-00cdb345b02e,audio,Capricho Paganini,Capricho nº 24 de Paganini,audio/violino/paganini_caprice.mp3,upload,,,,,avancado,,[],0,9,true,2026-02-13 17:57:36.711969
f74ac07a-bd31-430b-858e-39e43e7944a4,e54b748d-3b1b-48ba-b65e-ec1e476e94ad,video,Violino no Jazz,Improvisação jazzística no violino,https://youtube.com/watch?v=jazz_violin,youtube,,,,performance,avancado,,[],0,7,false,2026-02-13 18:01:39.533249
f7589743-997e-4df5-bf65-e5766ebb60ce,d7c80fe1-ab43-4920-b2aa-d9b4f3ace166,audio,Escala Dó maior,Escala completa,/midias/clarinete/escala_do.mp3,upload,,,,tecnica,iniciante,60,"[""escala"",""clarinete""]",0,0,true,2025-06-15 19:19:49.258132
f768cf60-3f3a-4c08-b329-cf521e05dae1,0e52514e-58c3-463a-a6e4-f71a1439f9b7,audio,Concerto Tchaikovsky (rep),Primeiro movimento do famoso concerto,audio/violino/tchaikovsky_concerto.mp3,upload,,,,,avancado,,[],0,8,true,2026-02-13 18:01:39.533249
f7692600-9f4e-4ca0-a48a-18ad25bda1f8,56e32061-7ed6-495d-9bc1-00cdb345b02e,3d,Modelo 3D Violino (rep),Modelo tridimensional interativo do violino,models/violino_3d.glb,upload,,,,,iniciante,,[],0,10,false,2026-02-13 18:01:39.533249
f78892cd-7ca2-4d08-ba1e-27fd849ead96,13912e91-7b48-4a8d-82b7-b59515c2a0d3,imagem,Anatomia do Violino (rep),Diagrama educativo das partes do violino,img/violino/anatomia.jpg,upload,,,,,iniciante,,[],0,2,true,2026-02-13 18:01:39.533249
f7a1d835-bbe8-4533-a501-20fa065451fa,f8653cdb-e2e7-479a-bfff-c8643859b866,audio,Concerto Tchaikovsky (rep),Primeiro movimento do famoso concerto,audio/violino/tchaikovsky_concerto.mp3,upload,,,,,avancado,,[],0,8,true,2026-02-13 18:01:39.533249
f7e3366e-41aa-4972-bfc9-55d0bc51a589,8bd473f1-7b35-4b9e-869a-17fb73c6e047,audio,Acorde C,Acorde maior.,/midias/teclado/acorde_c.mp3,upload,,,,tecnica,intermediario,60,"[""acorde"",""teclado""]",0,0,true,2025-06-15 20:36:24.121938
f7e9f73d-3f18-4cb9-8fe5-f11ddbe88d6a,0b9c8c6b-0e47-471c-b83b-01c931410692,video,Ave Maria - Schubert,Performance clássica da famosa peça,https://youtube.com/watch?v=ave_maria_violin,youtube,,,,performance,intermediario,,[],0,6,false,2026-02-13 18:01:39.533249
f805ea8f-8513-4d66-aaba-8f1515055de0,96b547b5-e685-40f8-952c-9dfce2ad4dc6,video,Violino no Jazz,Improvisação jazzística no violino,https://youtube.com/watch?v=jazz_violin,youtube,,,,performance,avancado,,[],0,7,false,2026-02-13 18:01:39.533249
f80e0d4c-fbed-4c8c-9ca4-d10bd6487026,bc665a4e-e301-44d3-b8bf-decb09422d71,video,Primeiros Passos no Violino,Aula básica de como segurar o violino e o arco,https://youtube.com/watch?v=violin_basics,youtube,,,,tutorial,iniciante,,[],0,4,true,2026-02-13 17:57:36.711969
f8501a95-e185-4cd9-87ca-99ae65453f1d,64b94e98-6ad2-4e7f-9aa0-b57f6bb58df1,video,Primeiros Passos no Violino,Aula básica de como segurar o violino e o arco,https://youtube.com/watch?v=violin_basics,youtube,,,,tutorial,iniciante,,[],0,4,false,2026-02-13 18:01:39.533249
f86ad5a2-c36b-4a25-8e57-59c52e583445,e54b748d-3b1b-48ba-b65e-ec1e476e94ad,3d,Modelo 3D Violino (rep),Modelo tridimensional interativo do violino,models/violino_3d.glb,upload,,,,,iniciante,,[],0,10,true,2026-02-13 18:01:39.533249
f86b27fe-ad72-4ba0-b22d-eeeda71ab5f5,4c61dc18-2b1e-48c8-8a2e-2c730679d4a5,video,Primeiros Passos no Violino,Aula básica de como segurar o violino e o arco,https://youtube.com/watch?v=violin_basics,youtube,,,,tutorial,iniciante,,[],0,4,true,2026-02-13 18:01:39.533249
f8e92433-5fcd-47c9-983f-24ef02279e83,ac116dcb-4fd4-4ef6-b6fb-f4ff1287bf68,audio,Capricho Paganini (rep),Capricho nº 24 de Paganini,audio/violino/paganini_caprice.mp3,upload,,,,,avancado,,[],0,9,false,2026-02-13 18:01:39.533249
f8febf48-13dc-46e6-b122-00df6ccc7a73,86f83611-c0db-470c-87e7-31ee81b1a009,video,Técnica de Vibrato,Demonstração da técnica de vibrato no violino,https://youtube.com/watch?v=violin_vibrato,youtube,,,,tutorial,avancado,,[],0,5,false,2026-02-13 18:01:39.533249
f9176eaf-2662-4917-a988-1e507e19968a,64b94e98-6ad2-4e7f-9aa0-b57f6bb58df1,audio,Concerto Tchaikovsky,Primeiro movimento do famoso concerto,audio/violino/tchaikovsky_concerto.mp3,upload,,,,,avancado,,[],0,8,true,2026-02-13 17:57:36.711969
f9264060-65af-4b32-9234-d01751fd3f65,4c61dc18-2b1e-48c8-8a2e-2c730679d4a5,video,Violino no Jazz,Improvisação jazzística no violino,https://youtube.com/watch?v=jazz_violin,youtube,,,,performance,avancado,,[],0,7,true,2026-02-13 17:57:36.711969
f944d29d-c1a5-4662-a5ea-606c10dc1f45,174f6ed4-3c21-444a-acfa-5149f53f2ca0,imagem,Anatomia do Violino,Diagrama educativo das partes do violino,img/violino/anatomia.jpg,upload,,,,,iniciante,,[],0,2,false,2026-02-13 18:01:39.533249
f94c74a3-86ef-4ee7-9a26-8ac19f986bf7,761a3318-9a5e-46f3-88f2-62159b96100c,video,Violino no Jazz,Improvisação jazzística no violino,https://youtube.com/watch?v=jazz_violin,youtube,,,,performance,avancado,,[],0,7,false,2026-02-13 18:01:39.533249
f95bf7ea-a33c-4789-a091-eef115030f3c,13912e91-7b48-4a8d-82b7-b59515c2a0d3,video,Primeiros Passos no Violino,Aula básica de como segurar o violino e o arco,https://youtube.com/watch?v=violin_basics,youtube,,,,tutorial,iniciante,,[],0,4,true,2026-02-13 18:01:39.533249
f95d1032-77d4-401d-b802-1b60008f3dc4,4c61dc18-2b1e-48c8-8a2e-2c730679d4a5,audio,Capricho Paganini,Capricho nº 24 de Paganini,audio/violino/paganini_caprice.mp3,upload,,,,,avancado,,[],0,9,true,2026-02-13 17:57:36.711969
f984a755-6436-442d-88f7-cb7551c5234c,e54b748d-3b1b-48ba-b65e-ec1e476e94ad,video,Violino no Jazz,Improvisação jazzística no violino,https://youtube.com/watch?v=jazz_violin,youtube,,,,performance,avancado,,[],0,7,true,2026-02-13 17:57:36.711969
f98dc5a1-11be-459e-a9a3-a2d324af29ae,4d78c5a4-04bf-452d-b326-83e7c72c10ef,3d,Modelo 3D Violino,Modelo tridimensional interativo do violino,models/violino_3d.glb,upload,,,,,iniciante,,[],0,10,true,2026-02-13 18:01:39.533249
f98fc20e-182b-46ea-b07b-b0ae4dd8533e,850c53c4-2ed6-4a12-a4ff-3fbaecd6bf73,imagem,Trombone frontal,Foto do trombone completo.,/midias/trombone/frontal.jpg,upload,,,,tecnica,iniciante,,"[""trombone"",""estrutura""]",0,0,true,2025-06-20 13:43:29.669569
f993f780-1f19-4292-93dc-465aba5cb400,f8653cdb-e2e7-479a-bfff-c8643859b866,imagem,Anatomia do Violino (rep),Diagrama educativo das partes do violino,img/violino/anatomia.jpg,upload,,,,,iniciante,,[],0,2,true,2026-02-13 18:01:39.533249
f995bed9-fdd8-43ad-aa8f-cfd4aadfaff3,df49fd27-9bcd-4462-a0f8-b36f0ff9f97f,video,Técnicas de Solo,"Demonstração de bend, slide e hammer-on",https://youtube.com/watch?v=guitar_solo_techniques,youtube,,,,tutorial,avancado,,[],0,5,true,2025-06-09 04:29:36.307529
f9aeeb3f-fb43-4fa3-905d-b1dd97686f35,174f6ed4-3c21-444a-acfa-5149f53f2ca0,imagem,Anatomia do Violino (rep),Diagrama educativo das partes do violino,img/violino/anatomia.jpg,upload,,,,,iniciante,,[],0,2,true,2026-02-13 18:01:39.533249
f9d5238e-6a13-418c-8bb3-8163621c2bb9,13912e91-7b48-4a8d-82b7-b59515c2a0d3,3d,Modelo 3D Violino (rep),Modelo tridimensional interativo do violino,models/violino_3d.glb,upload,,,,,iniciante,,[],0,10,true,2026-02-13 18:01:39.533249
f9de4442-5305-4bc7-8a7e-342d3d499672,4d78c5a4-04bf-452d-b326-83e7c72c10ef,audio,Concerto Tchaikovsky,Primeiro movimento do famoso concerto,audio/violino/tchaikovsky_concerto.mp3,upload,,,,,avancado,,[],0,8,true,2026-02-13 18:01:39.533249
f9dfe1b6-2166-4c2c-bb8d-ce4942e9bc1d,9edff4db-9ef5-43fc-970a-7d2086de223b,imagem,Voluta — close,Voluta e cravelhas,media/viola/imagens/viola-voluta-01.jpg,local,,,,educativo,iniciante,,,0,3,true,2025-09-22 11:48:23.651843
f9ec9c60-7e77-482a-bd8d-eb92c28a9d2e,3702e3f9-bc82-42b6-ae32-c770081b3ec2,video,Técnica de Vibrato,Demonstração da técnica de vibrato no violino,https://youtube.com/watch?v=violin_vibrato,youtube,,,,tutorial,avancado,,[],0,5,true,2026-02-13 17:57:36.711969
f9faffe8-426e-4c58-a7fc-b4c0a3efee2a,6925f61b-ba48-473a-b69a-e3548036c1df,imagem,Postura do Violinista,Demonstração da postura correta para tocar violino,img/violino/postura.jpg,upload,,,,,iniciante,,[],0,3,true,2026-02-13 18:01:39.533249
fa0627a4-9e99-4393-80cf-8f501ea7d45f,8bd473f1-7b35-4b9e-869a-17fb73c6e047,audio,Acorde F,Acorde maior.,/midias/teclado/acorde_f.mp3,upload,,,,tecnica,intermediario,60,"[""acorde"",""teclado""]",0,0,true,2025-06-15 20:36:24.121938
fa1d847a-12d5-40fc-b30b-6523f9df059e,e48ad87b-d237-45e4-a707-05374c4240fa,video,Ave Maria - Schubert,Performance clássica da famosa peça,https://youtube.com/watch?v=ave_maria_violin,youtube,,,,performance,intermediario,,[],0,6,true,2026-02-13 17:57:36.711969
fa2ee995-0f73-4d98-818c-eb32bb1868be,57d10b2f-c49f-460d-8fab-3da3065c15c2,imagem,Anatomia do Violino,Diagrama educativo das partes do violino,img/violino/anatomia.jpg,upload,,,,,iniciante,,[],0,2,true,2026-02-13 18:01:39.533249
fa4ebbaa-67ce-4ade-8369-88332c63087d,bc665a4e-e301-44d3-b8bf-decb09422d71,video,Ave Maria - Schubert,Performance clássica da famosa peça,https://youtube.com/watch?v=ave_maria_violin,youtube,,,,performance,intermediario,,[],0,6,true,2026-02-13 17:57:36.711969
fa8c69f2-b41c-400a-8cfb-d6eb15f8f620,750450cf-e14e-4f02-944e-b3c1bb0f87a4,audio,Sequência de Acordes Populares,Progressão Am-F-C-G muito usada na música popular,/audio/violao/progressao_am_f_c_g.mp3,upload,,,,demonstracao,iniciante,30,"[""acordes"",""progressao"",""popular""]",0,0,true,2025-06-08 01:05:48.886576
fa9915f0-5892-4780-99c9-51e73e34ece7,35aff373-706c-47d8-8004-d8edcddb1e0c,video,Postura correta,Como segurar o baixo.,https://www.youtube.com/watch?v=baixo1,youtube,,,,tecnica,iniciante,300,"[""postura"",""baixo""]",0,0,true,2025-06-16 04:38:10.049188
faaf0913-536a-47f4-9ecd-9f52a506a000,32705505-7727-4d27-b7bd-b08e7c90c233,audio,Capricho Paganini,Capricho nº 24 de Paganini,audio/violino/paganini_caprice.mp3,upload,,,,,avancado,,[],0,9,false,2026-02-13 18:01:39.533249
fab35f70-9f48-4b91-aa4f-80aab650f0ea,a0f53672-7d87-4ab4-a64f-b551fc1a380d,video,Técnica de Vibrato,Demonstração da técnica de vibrato no violino,https://youtube.com/watch?v=violin_vibrato,youtube,,,,tutorial,avancado,,[],0,5,false,2026-02-13 18:01:39.533249
fad8d86d-6098-47c0-82b6-3e1de72eccba,36040329-1aa6-428a-ad39-cd85de03493e,video,Ave Maria - Schubert,Performance clássica da famosa peça,https://youtube.com/watch?v=ave_maria_violin,youtube,,,,performance,intermediario,,[],0,6,true,2026-02-13 18:01:39.533249
fb11f562-e89d-4cf9-b757-4dcfc455e09d,0e52514e-58c3-463a-a6e4-f71a1439f9b7,video,Ave Maria - Schubert,Performance clássica da famosa peça,https://youtube.com/watch?v=ave_maria_violin,youtube,,,,performance,intermediario,,[],0,6,true,2026-02-13 18:01:39.533249
fb4c4316-4781-4131-9883-607a8b965772,fb125188-c48e-4d89-a46e-11c3b600dabd,imagem,Violino Stradivarius,Violino clássico de luthier famoso mostrando detalhes da madeira,img/violino/stradivarius.jpg,upload,,,,,iniciante,,[],0,1,true,2026-02-13 17:57:36.711969
fb55a770-2edb-44d7-a776-f68bf6189800,794f42a6-619a-4ca3-8f1b-c3ac7a9e7a08,video,Vibrato,Vibrato na flauta.,https://www.youtube.com/watch?v=flauta5,youtube,,,,tecnica,intermediario,180,"[""vibrato"",""flauta""]",0,0,true,2025-06-15 19:42:58.828009
fb55e688-6806-4019-af2d-fc5029ed629b,ab9720a5-1973-484e-9a44-d4aa62594336,video,Como Usar os Pedais do Piano,Técnica de pedalização para sustain e una corda,https://youtube.com/watch?v=pedais_piano,youtube,,,,tecnica,intermediario,480,"[""pedais"",""sustain"",""tecnica""]",0,0,true,2025-06-08 15:24:29.575428
fb6387b6-4b8f-4912-88cb-235631ddcee8,9a5e0eac-114e-4173-90af-32b55c870675,video,Ave Maria - Schubert,Performance clássica da famosa peça,https://youtube.com/watch?v=ave_maria_violin,youtube,,,,performance,intermediario,,[],0,6,true,2026-02-13 17:57:36.711969
fb6cc2b7-ad4d-4000-af6f-e98a0bb83ee7,ac116dcb-4fd4-4ef6-b6fb-f4ff1287bf68,imagem,Postura do Violinista,Demonstração da postura correta para tocar violino,img/violino/postura.jpg,upload,,,,,iniciante,,[],0,3,true,2026-02-13 18:01:39.533249
fb79581c-8bec-47d9-973d-79e796c87ea1,80436b4f-15c1-452f-9442-34e42b5117e4,imagem,Anatomia do Violino,Diagrama educativo das partes do violino,img/violino/anatomia.jpg,upload,,,,,iniciante,,[],0,2,true,2026-02-13 17:57:36.711969
fb7fd44c-6f57-4acf-8c1e-cf51fc5df304,ee709f67-e4e4-4f9c-9001-7574e4d8dfa0,video,Violino no Jazz (rep),Improvisação jazzística no violino,https://youtube.com/watch?v=jazz_violin,youtube,,,,performance,avancado,,[],0,7,true,2026-02-13 18:01:39.533249
fba57a41-0908-4f70-8a84-441a2e47de1d,6b11dc1a-295f-4458-9c08-2bcec09ff3ec,3d,Modelo 3D Violino (rep),Modelo tridimensional interativo do violino,models/violino_3d.glb,upload,,,,,iniciante,,[],0,10,false,2026-02-13 18:01:39.533249
fbb0c4e6-dacf-40aa-a8a8-0b70fcc2fd83,92ecdeff-3480-4f27-85cd-86f12622cf9f,video,Ave Maria - Schubert,Performance clássica da famosa peça,https://youtube.com/watch?v=ave_maria_violin,youtube,,,,performance,intermediario,,[],0,6,true,2026-02-13 18:01:39.533249
fbc14104-3744-46db-8a05-53a0cd90431e,c75fe646-ff86-4420-98f0-a0f25d39de45,imagem,Violino Stradivarius,Violino clássico de luthier famoso mostrando detalhes da madeira,img/violino/stradivarius.jpg,upload,,,,,iniciante,,[],0,1,true,2026-02-13 18:01:39.533249
fbd2697c-f8aa-4f8e-aab2-493babe32c35,56f643e0-a3e2-4067-84ac-334c454426f8,video,Técnica de Vibrato,Demonstração da técnica de vibrato no violino,https://youtube.com/watch?v=violin_vibrato,youtube,,,,tutorial,avancado,,[],0,5,true,2026-02-13 18:01:39.533249
fbd3a4bd-1b33-4e22-9175-6526adc2de3e,fb125188-c48e-4d89-a46e-11c3b600dabd,imagem,Violino Stradivarius (rep),Violino clássico de luthier famoso mostrando detalhes da madeira,img/violino/stradivarius.jpg,upload,,,,,iniciante,,[],0,1,true,2026-02-13 18:01:39.533249
fbd6bd6a-268d-4ed6-8835-4230355efcfc,cca87ab1-8ad4-4876-a8d8-190f85927952,video,Violino no Jazz (rep),Improvisação jazzística no violino,https://youtube.com/watch?v=jazz_violin,youtube,,,,performance,avancado,,[],0,7,true,2026-02-13 18:01:39.533249
fbd6c20c-e411-4518-9a12-fb2f35711621,174f6ed4-3c21-444a-acfa-5149f53f2ca0,audio,Concerto Tchaikovsky,Primeiro movimento do famoso concerto,audio/violino/tchaikovsky_concerto.mp3,upload,,,,,avancado,,[],0,8,false,2026-02-13 18:01:39.533249
fbfea042-ad74-421c-9e48-e117cb5470a8,57d10b2f-c49f-460d-8fab-3da3065c15c2,imagem,Violino Stradivarius,Violino clássico de luthier famoso mostrando detalhes da madeira,img/violino/stradivarius.jpg,upload,,,,,iniciante,,[],0,1,true,2026-02-13 18:01:39.533249
fc1165e2-659a-4e49-86b3-3c37beb12f97,761a3318-9a5e-46f3-88f2-62159b96100c,audio,Capricho Paganini (rep),Capricho nº 24 de Paganini,audio/violino/paganini_caprice.mp3,upload,,,,,avancado,,[],0,9,true,2026-02-13 18:01:39.533249
fc1ba3e4-f57b-4d20-8412-65605039ad11,1b699036-0f72-4c48-9801-e01f6f25e165,audio,Concerto Tchaikovsky,Primeiro movimento do famoso concerto,audio/violino/tchaikovsky_concerto.mp3,upload,,,,,avancado,,[],0,8,true,2026-02-13 17:57:36.711969
fc3e0260-189a-46bd-bb34-06a53ef0bab5,bee0f63a-e248-4f2c-9325-0a23cb3c5a8e,video,Técnica de Vibrato,Demonstração da técnica de vibrato no violino,https://youtube.com/watch?v=violin_vibrato,youtube,,,,tutorial,avancado,,[],0,5,true,2026-02-13 18:01:39.533249
fc41709b-9089-4711-a554-8e56342442bc,fb125188-c48e-4d89-a46e-11c3b600dabd,3d,Modelo 3D Violino,Modelo tridimensional interativo do violino,models/violino_3d.glb,upload,,,,,iniciante,,[],0,10,false,2026-02-13 18:01:39.533249
fc5728a5-9403-44c8-9e75-d26671618e17,7b6ae164-dfdf-452d-a5c3-d01554861444,audio,Concerto Tchaikovsky (rep),Primeiro movimento do famoso concerto,audio/violino/tchaikovsky_concerto.mp3,upload,,,,,avancado,,[],0,8,false,2026-02-13 18:01:39.533249
fc9cfdb6-8e7c-449e-8ff8-d4f97c54148f,86f83611-c0db-470c-87e7-31ee81b1a009,3d,Modelo 3D Violino,Modelo tridimensional interativo do violino,models/violino_3d.glb,upload,,,,,iniciante,,[],0,10,false,2026-02-13 18:01:39.533249
fca808bf-715c-469c-b99b-3d8bdd3eba9f,63ebeaeb-be5d-4c26-a5cf-f59b71423401,video,Violino no Jazz (rep),Improvisação jazzística no violino,https://youtube.com/watch?v=jazz_violin,youtube,,,,performance,avancado,,[],0,7,false,2026-02-13 18:01:39.533249
fcb2fc4f-1f5b-4a7a-a734-ada2092f0e1a,63ebeaeb-be5d-4c26-a5cf-f59b71423401,video,Primeiros Passos no Violino,Aula básica de como segurar o violino e o arco,https://youtube.com/watch?v=violin_basics,youtube,,,,tutorial,iniciante,,[],0,4,true,2026-02-13 17:57:36.711969
fcb402ea-51bf-4d82-8732-1841f43c6726,3702e3f9-bc82-42b6-ae32-c770081b3ec2,video,Ave Maria - Schubert,Performance clássica da famosa peça,https://youtube.com/watch?v=ave_maria_violin,youtube,,,,performance,intermediario,,[],0,6,true,2026-02-13 18:01:39.533249
fcce44e5-bdde-4f3d-9f81-6cbe86ee9ca9,6925f61b-ba48-473a-b69a-e3548036c1df,video,Ave Maria - Schubert,Performance clássica da famosa peça,https://youtube.com/watch?v=ave_maria_violin,youtube,,,,performance,intermediario,,[],0,6,true,2026-02-13 18:01:39.533249
fcd0f561-487b-45a4-910a-79976de3900d,64b94e98-6ad2-4e7f-9aa0-b57f6bb58df1,3d,Modelo 3D Violino,Modelo tridimensional interativo do violino,models/violino_3d.glb,upload,,,,,iniciante,,[],0,10,true,2026-02-13 18:01:39.533249
fcda8c75-2274-400e-9c32-16930a22c8d4,7b6ae164-dfdf-452d-a5c3-d01554861444,audio,Concerto Tchaikovsky,Primeiro movimento do famoso concerto,audio/violino/tchaikovsky_concerto.mp3,upload,,,,,avancado,,[],0,8,true,2026-02-13 18:01:39.533249
fce5843f-8355-4338-9f25-b45069b87ac8,412c40b6-f4fc-4379-9d6f-5ce0ec2d669d,video,Spiccato,Demonstração da técnica spiccato.,https://www.youtube.com/watch?v=violoncelo4,youtube,,,,tecnica,intermediario,180,"[""spiccato"",""violoncelo""]",0,0,true,2025-06-15 19:35:06.847648
fd3337c9-068f-4265-8256-e74d913d2970,4445b5c9-dcdf-4dd3-8ce6-bb04a22127ce,video,Ave Maria - Schubert,Performance clássica da famosa peça,https://youtube.com/watch?v=ave_maria_violin,youtube,,,,performance,intermediario,,[],0,6,true,2026-02-13 18:01:39.533249
fd5bad79-3411-48e2-a3ca-0ba86d66cfdb,4d78c5a4-04bf-452d-b326-83e7c72c10ef,video,Técnica de Vibrato,Demonstração da técnica de vibrato no violino,https://youtube.com/watch?v=violin_vibrato,youtube,,,,tutorial,avancado,,[],0,5,true,2026-02-13 18:01:39.533249
fd7b7ac3-5d6e-486d-81c8-7a722b7cacb2,0e52514e-58c3-463a-a6e4-f71a1439f9b7,video,Violino no Jazz,Improvisação jazzística no violino,https://youtube.com/watch?v=jazz_violin,youtube,,,,performance,avancado,,[],0,7,true,2026-02-13 17:57:36.711969
fd8d21fd-b93d-421d-9e96-af7bc84bd90e,b73f1d80-3d73-487e-89b8-ab35274a8dd4,video,Postura correta,Como segurar o contrabaixo.,https://www.youtube.com/watch?v=contrabaixo1,youtube,,,,tecnica,iniciante,300,"[""postura"",""contrabaixo""]",0,0,true,2025-06-16 05:28:34.120792
fdb04153-d1bd-4a6b-ac85-f2a2001a1e38,df168c2e-275a-44ed-9ee7-af356bf724e5,video,Primeiros Passos no Violino,Aula básica de como segurar o violino e o arco,https://youtube.com/watch?v=violin_basics,youtube,,,,tutorial,iniciante,,[],0,4,true,2026-02-13 17:57:36.711969
fdd20d55-e028-4f5c-84a7-116ffdde51d3,df168c2e-275a-44ed-9ee7-af356bf724e5,imagem,Postura do Violinista,Demonstração da postura correta para tocar violino,img/violino/postura.jpg,upload,,,,,iniciante,,[],0,3,true,2026-02-13 18:01:39.533249
fdd9e7d7-ca51-4ab8-ac2c-1a4e236b44dc,86f83611-c0db-470c-87e7-31ee81b1a009,video,Técnica de Vibrato (rep),Demonstração da técnica de vibrato no violino,https://youtube.com/watch?v=violin_vibrato,youtube,,,,tutorial,avancado,,[],0,5,true,2026-02-13 18:01:39.533249
fdfa22e9-cb09-4394-b786-b5119bee4c37,509d6a26-159a-4976-aa46-83f914f930aa,imagem,Anatomia do Violino (rep),Diagrama educativo das partes do violino,img/violino/anatomia.jpg,upload,,,,,iniciante,,[],0,2,true,2026-02-13 18:01:39.533249
fe34eaf5-fa6e-4826-bc11-95891ecc3e1a,96b547b5-e685-40f8-952c-9dfce2ad4dc6,imagem,Violino Stradivarius,Violino clássico de luthier famoso mostrando detalhes da madeira,img/violino/stradivarius.jpg,upload,,,,,iniciante,,[],0,1,false,2026-02-13 18:01:39.533249
fe5b2346-d51d-4c4e-9dc0-76ee3368d634,9edff4db-9ef5-43fc-970a-7d2086de223b,video,Demonstração — spiccato,Arco saltado,https://youtu.be/VID_VIOLA_SPICCATO,youtube,,,,tutorial,iniciante,35,,0,6,true,2025-09-22 11:48:23.651843
fe5cb072-bfff-428f-b2be-064740e42be5,412c40b6-f4fc-4379-9d6f-5ce0ec2d669d,video,Trinado,Demonstração de trinado.,https://www.youtube.com/watch?v=violoncelo9,youtube,,,,tecnica,intermediario,120,"[""trinado"",""violoncelo""]",0,0,true,2025-06-15 19:35:06.847648
fe6feb27-7dfa-4060-9a3a-083d365847f1,c75fe646-ff86-4420-98f0-a0f25d39de45,imagem,Violino Stradivarius,Violino clássico de luthier famoso mostrando detalhes da madeira,img/violino/stradivarius.jpg,upload,,,,,iniciante,,[],0,1,true,2026-02-13 18:01:39.533249
feabf6ca-00bd-41ff-861f-d760a39b2b5d,3957c464-86dc-4aa2-9f09-57b5eb2a6c6a,imagem,Violino Stradivarius,Violino clássico de luthier famoso mostrando detalhes da madeira,img/violino/stradivarius.jpg,upload,,,,,iniciante,,[],0,1,true,2026-02-13 18:01:39.533249
fef9532f-675c-47e6-adad-507c39d81214,32705505-7727-4d27-b7bd-b08e7c90c233,audio,Capricho Paganini,Capricho nº 24 de Paganini,audio/violino/paganini_caprice.mp3,upload,,,,,avancado,,[],0,9,true,2026-02-13 18:01:39.533249
fefb4653-0875-47b1-b9e6-e6aeb2658a61,850c53c4-2ed6-4a12-a4ff-3fbaecd6bf73,audio,Staccato,Execução staccato.,/midias/trombone/staccato.mp3,upload,,,,tecnica,iniciante,60,"[""staccato"",""trombone""]",0,0,true,2025-06-20 13:43:29.669569
ff0b2f44-7837-4424-8c80-6299dc7fc11b,26cadf44-6d7b-4f9b-85d6-6b2c40715f45,video,História do saxofone,Documentário.,https://www.youtube.com/watch?v=saxofone8,youtube,,,,historia,iniciante,420,"[""historia"",""saxofone""]",0,0,true,2025-06-16 00:56:26.375072
ff4382f6-547f-4c77-8854-f4d63481d145,0e52514e-58c3-463a-a6e4-f71a1439f9b7,audio,Concerto Tchaikovsky,Primeiro movimento do famoso concerto,audio/violino/tchaikovsky_concerto.mp3,upload,,,,,avancado,,[],0,8,false,2026-02-13 18:01:39.533249
ff75f8b9-c4a2-431e-be82-1dfeab62a04d,4d78c5a4-04bf-452d-b326-83e7c72c10ef,video,Ave Maria - Schubert,Performance clássica da famosa peça,https://youtube.com/watch?v=ave_maria_violin,youtube,,,,performance,intermediario,,[],0,6,true,2026-02-13 18:01:39.533249
ff898a11-4a23-42f4-b0ef-759d8818575a,e54b748d-3b1b-48ba-b65e-ec1e476e94ad,audio,Concerto Tchaikovsky,Primeiro movimento do famoso concerto,audio/violino/tchaikovsky_concerto.mp3,upload,,,,,avancado,,[],0,8,false,2026-02-13 18:01:39.533249
ff8d8c75-fb41-4111-bf39-0bdd94ef334f,794f42a6-619a-4ca3-8f1b-c3ac7a9e7a08,imagem,Flauta em solo,Flauta em apresentação solo.,/midias/flauta/solo.jpg,upload,,,,performance,avancado,,"[""solo"",""flauta""]",0,0,true,2025-06-15 19:42:58.828009
ff9284d8-9179-4329-80d4-97354ba3992b,1b699036-0f72-4c48-9801-e01f6f25e165,imagem,Postura do Violinista (rep),Demonstração da postura correta para tocar violino,img/violino/postura.jpg,upload,,,,,iniciante,,[],0,3,false,2026-02-13 18:01:39.533249
ffa022dd-2974-49c4-8171-20b37cc2a5ca,9a5e0eac-114e-4173-90af-32b55c870675,audio,Concerto Tchaikovsky (rep),Primeiro movimento do famoso concerto,audio/violino/tchaikovsky_concerto.mp3,upload,,,,,avancado,,[],0,8,true,2026-02-13 18:01:39.533249
ffb2dedd-4f69-4182-b644-588c4aca7bdc,bee0f63a-e248-4f2c-9325-0a23cb3c5a8e,audio,Concerto Tchaikovsky,Primeiro movimento do famoso concerto,audio/violino/tchaikovsky_concerto.mp3,upload,,,,,avancado,,[],0,8,false,2026-02-13 18:01:39.533249
ffc1bdcc-9d20-490c-a98d-7547b0fb6cea,750450cf-e14e-4f02-944e-b3c1bb0f87a4,3d,Modelo 3D Violino,Modelo tridimensional interativo do violino,models/violino_3d.glb,upload,,,,,iniciante,,[],0,10,false,2026-02-13 18:01:39.533249
ffd4952b-f57f-4cd7-aa74-a8b83db6f32a,56f643e0-a3e2-4067-84ac-334c454426f8,imagem,Violino Stradivarius (rep),Violino clássico de luthier famoso mostrando detalhes da madeira,img/violino/stradivarius.jpg,upload,,,,,iniciante,,[],0,1,true,2026-02-13 18:01:39.533249
fffdfe64-9a4f-4eac-9421-07c6b012a967,4c61dc18-2b1e-48c8-8a2e-2c730679d4a5,video,Técnica de Vibrato,Demonstração da técnica de vibrato no violino,https://youtube.com/watch?v=violin_vibrato,youtube,,,,tutorial,avancado,,[],0,5,true,2026-02-13 17:57:36.711969